20140629023200000,0,0,3749.74,3749.74,3748,3748,77.3749
20140629023300000,0,0,3745.66,3748.79,3745.66,3748.79,8.1847
20140629023400000,0,0,3748.79,3751.11,3748.76,3748.77,15.1189
20140629023500000,0,0,3748.77,3748.77,3743.01,3746,3.6064
20140629023600000,0,0,3746.43,3750.57,3746,3750.57,2.5674
20140629023700000,0,0,3747.52,3748,3743.01,3744.52,6.5683
20140629023800000,0,0,3744.85,3744.95,3744.85,3744.95,0.128
20140629023900000,0,0,3744.98,3748.43,3744.98,3747.92,4.273
20140629024000000,0,0,3748.42,3750.1,3748.42,3748.68,1.783
20140629024100000,0,0,3748.61,3748.61,3747.17,3747.17,1.5517
20140629024200000,0,0,3747.21,3747.22,3747.21,3747.22,0.709
20140629024300000,0,0,3748.16,3748.28,3747.3,3747.42,10.7131
20140629024400000,0,0,3748.04,3748.07,3747.92,3748.07,1.873
20140629024500000,0,0,3748.07,3748.07,3748.07,3748.07,0.1314
20140629024600000,0,0,3747.64,3749.94,3747.64,3749.87,4.0965
20140629024700000,0,0,3749.46,3749.99,3748.69,3748.69,29.045
20140629024800000,0,0,3749.88,3749.96,3749.88,3749.96,0.0551
20140629024900000,0,0,3749.95,3749.99,3748.54,3749.99,0.4891
20140629025000000,0,0,3749.99,3751.99,3749.99,3750.45,1.6132
20140629025100000,0,0,3750.65,3751.92,3750.01,3751.87,3.3187
20140629025300000,0,0,3750.6,3751.87,3749.98,3751.87,0.686
20140629025400000,0,0,3751.87,3752.73,3751.87,3752.73,12.1039
20140629025500000,0,0,3752.73,3753.45,3751.43,3751.43,13.6479
20140629025600000,0,0,3751.44,3751.56,3748.88,3748.91,0.3203
20140629025700000,0,0,3750.09,3750.12,3750.09,3750.12,0.1057
20140629025800000,0,0,3750.66,3750.66,3750.66,3750.66,0.0051
20140629025900000,0,0,3749.44,3749.44,3749.44,3749.44,0.1557
20140629030000000,0,0,3750.83,3750.83,3749.45,3749.45,0.6586
20140629030100000,0,0,3750.83,3750.83,3750.83,3750.83,0.1583
20140629030200000,0,0,3751.92,3752.99,3749.95,3752.99,1.4257
20140629030300000,0,0,3752.39,3752.98,3752.39,3752.98,0.06
20140629030400000,0,0,3752.9,3753.3,3751.61,3753.3,3.2129
20140629030500000,0,0,3753.45,3754.96,3753.45,3754.96,0.9784
20140629030600000,0,0,3754.69,3754.81,3754.69,3754.81,0.2609
20140629030700000,0,0,3754.81,3754.81,3754.81,3754.81,0.541
20140629030800000,0,0,3754.99,3755,3754.99,3755,12.9134
20140629030900000,0,0,3755,3755,3754.77,3754.77,2.824
20140629031000000,0,0,3754.75,3754.75,3754.75,3754.75,0.2
20140629031100000,0,0,3754.77,3754.77,3754.5,3754.5,1.8458
20140629031200000,0,0,3752.75,3752.81,3751.23,3751.23,2.3653
20140629031300000,0,0,3750,3750,3748.88,3748.88,1.536
20140629031400000,0,0,3748.38,3749.25,3748.38,3749.25,1.7292
20140629031500000,0,0,3748.32,3748.61,3746.07,3746.92,0.7579
20140629031600000,0,0,3747.82,3750.2,3746.07,3746.92,9.6999
20140629031700000,0,0,3747.06,3750.14,3746.07,3747.18,2.4964
20140629031800000,0,0,3748.35,3748.35,3747.77,3747.77,0.6923
20140629031900000,0,0,3748.91,3750.53,3748.91,3749.65,3.9003
20140629032000000,0,0,3749.76,3750.29,3749.76,3750.29,0.2804
20140629032100000,0,0,3750.17,3750.29,3749.78,3749.78,0.149
20140629032200000,0,0,3749.35,3749.35,3747.8,3747.8,0.14
20140629032300000,0,0,3747.35,3747.35,3747.31,3747.31,0.2
20140629032400000,0,0,3747.32,3748.81,3747.31,3747.31,1.157
20140629032500000,0,0,3746.11,3746.11,3746.11,3746.11,0.203
20140629032600000,0,0,3746.41,3746.41,3746.41,3746.41,0.1981
20140629032700000,0,0,3746.97,3746.97,3746.97,3746.97,0.018
20140629032800000,0,0,3746.6,3747.87,3746,3747.84,3.8698
20140629032900000,0,0,3747.79,3747.82,3746.21,3747.82,3.0991
20140629033200000,0,0,3747.63,3747.63,3747.63,3747.63,0.0772
20140629033400000,0,0,3747.62,3747.79,3747.62,3747.79,0.22
20140629033500000,0,0,3747.67,3750.65,3746.96,3750.65,4.9732
20140629033600000,0,0,3748.69,3749.24,3746.01,3748.02,10.3387
20140629033700000,0,0,3748.02,3748.02,3746.01,3746.04,3.2273
20140629033800000,0,0,3746.04,3746.55,3746,3746,12.8806
20140629033900000,0,0,3746,3747.03,3746,3746,14.9548
20140629034000000,0,0,3746,3746,3746,3746,0.501
20140629034100000,0,0,3746,3746,3746,3746,0.015
20140629034200000,0,0,3746.13,3746.99,3746,3746.97,2.6436
20140629034300000,0,0,3746.02,3746.99,3746.02,3746.99,0.83
20140629034400000,0,0,3746.99,3748.64,3746.99,3748.18,4.6625
20140629034600000,0,0,3748.3,3751.97,3747.72,3749.53,3.8977
20140629034800000,0,0,3749.14,3749.14,3748.7,3749,1.3419
20140629034900000,0,0,3749,3749.42,3749,3749.41,0.2681
20140629035100000,0,0,3749.42,3750.94,3749.42,3750.94,0.4584
20140629035200000,0,0,3749.38,3749.38,3749.38,3749.38,0.253
20140629035700000,0,0,3749.63,3750.76,3749.39,3750.76,1.6125
20140629035800000,0,0,3749.54,3749.54,3746.04,3747.01,7.7332
20140629035900000,0,0,3748.16,3748.19,3747.01,3747.01,0.943
20140629040000000,0,0,3747.01,3747.01,3747.01,3747.01,1.0242
20140629040100000,0,0,3747.01,3747.82,3747.01,3747.82,1.0245
20140629040200000,0,0,3747.02,3747.61,3746,3746.02,8.0029
20140629040300000,0,0,3747.8,3747.8,3747.8,3747.8,0.3828
20140629040500000,0,0,3746.44,3747,3746.44,3747,0.4961
20140629040600000,0,0,3746.82,3747,3746.52,3746.62,2.4593
20140629040800000,0,0,3746.12,3746.62,3746,3746.62,2.1883
20140629040900000,0,0,3746.62,3746.62,3745.95,3745.95,6.4689
20140629041000000,0,0,3745.95,3745.95,3745.92,3745.95,2.2024
20140629041100000,0,0,3745.92,3745.92,3745.92,3745.92,0.8114
20140629041200000,0,0,3745.92,3745.92,3745.92,3745.92,6.1208
20140629041300000,0,0,3745.92,3745.92,3744.44,3744.44,2.0225
20140629041400000,0,0,3744.45,3745.36,3744,3745.36,2.9023
20140629041500000,0,0,3745.35,3745.36,3745.22,3745.36,0.5748
20140629041700000,0,0,3745.36,3745.36,3745.36,3745.36,0.0024
20140629041800000,0,0,3745.89,3746.14,3745.15,3745.15,3.2435
20140629042700000,0,0,3745.35,3745.38,3745.35,3745.38,0.1979
20140629042800000,0,0,3746.33,3746.9,3745.38,3745.38,0.8195
20140629043000000,0,0,3747.28,3747.28,3747.28,3747.28,0.0757
20140629043100000,0,0,3745.83,3745.83,3745.77,3745.77,1.5619
20140629043200000,0,0,3747.41,3747.41,3747.28,3747.4,0.4979
20140629043400000,0,0,3747.39,3747.39,3747.39,3747.39,0.0037
20140629043500000,0,0,3747.38,3747.38,3747.38,3747.38,0.0493
20140629043600000,0,0,3747.37,3747.37,3747.37,3747.37,0.1957
20140629043700000,0,0,3747.36,3747.36,3747.36,3747.36,0.0342
20140629043800000,0,0,3747.41,3747.41,3747.41,3747.41,0.0151
20140629044000000,0,0,3747.41,3749.45,3747.4,3748.87,1.001
20140629044100000,0,0,3747.93,3749.34,3747.57,3747.79,8.1845
20140629044200000,0,0,3748.7,3752,3748.7,3752,14.6413
20140629044300000,0,0,3752.23,3754,3752.12,3752.12,2.8202
20140629044400000,0,0,3753.9,3754,3753.9,3754,4.2729
20140629044500000,0,0,3754,3754.77,3753.02,3754,8.393
20140629044600000,0,0,3754,3754,3754,3754,0.03
20140629044800000,0,0,3754.77,3754.77,3754.77,3754.77,0.0167
20140629044900000,0,0,3754.01,3754.77,3754.01,3754.13,0.083
20140629045000000,0,0,3754.2,3754.2,3753.75,3753.75,0.5
20140629045100000,0,0,3754.47,3754.47,3754.23,3754.23,0.2337
20140629045300000,0,0,3754.48,3754.77,3754.48,3754.77,0.0443
20140629045400000,0,0,3754.99,3755,3754.97,3755,1.8426
20140629045600000,0,0,3754.98,3755,3753.62,3754.98,25.8722
20140629045700000,0,0,3755,3755,3751.41,3755,7.7151
20140629045800000,0,0,3754.91,3755.02,3754.74,3754.86,5.1077
20140629045900000,0,0,3755.02,3755.02,3752.35,3754.15,1.1359
20140629050000000,0,0,3754.99,3754.99,3752.94,3752.94,4.1337
20140629050100000,0,0,3752.97,3754.96,3748.83,3751.77,8.9567
20140629050200000,0,0,3751.77,3752.97,3751.37,3752.97,2.295
20140629050300000,0,0,3752.87,3753,3752.87,3752.99,1.5957
20140629050400000,0,0,3751.76,3752.87,3751.22,3752.87,0.8119
20140629050500000,0,0,3752.87,3755.02,3752.87,3755.02,2.228
20140629050600000,0,0,3755.01,3757.03,3755.01,3757,5.3059
20140629050700000,0,0,3757.06,3758,3757.06,3758,22.8421
20140629050800000,0,0,3757.9,3757.9,3757.9,3757.9,0.698
20140629050900000,0,0,3757.15,3757.3,3757.15,3757.3,0.6
20140629051000000,0,0,3757.9,3757.9,3756.73,3756.73,1.199
20140629051100000,0,0,3756.74,3758,3756.74,3758,4.04
20140629051200000,0,0,3757.02,3757.02,3757.02,3757.02,1.14
20140629051300000,0,0,3757.86,3757.98,3757.86,3757.98,0.525
20140629051400000,0,0,3757.98,3758,3757.98,3758,2.083
20140629051500000,0,0,3758,3761,3757,3757.2,50.8062
20140629051600000,0,0,3757,3759.72,3757,3759,14.1792
20140629051700000,0,0,3757.98,3758.87,3757.51,3758.59,5.9083
20140629051800000,0,0,3757.44,3759.7,3757.42,3758.23,0.9
20140629051900000,0,0,3759.7,3761,3759.7,3760.98,6.4358
20140629052000000,0,0,3761,3762,3760.99,3761.14,65.5849
20140629052100000,0,0,3761.14,3761.26,3758.26,3760,12.9736
20140629052200000,0,0,3760,3762.48,3757.54,3758.57,14.025
20140629052300000,0,0,3759.31,3759.74,3756.77,3759.08,9.7326
20140629052400000,0,0,3758.15,3758.17,3752.18,3752.21,6.2756
20140629052500000,0,0,3754.44,3756.21,3752.27,3756.21,1.605
20140629052600000,0,0,3756.21,3760.21,3754.31,3754.31,7.9701
20140629052700000,0,0,3756.05,3756.84,3752.29,3752.7,2.4761
20140629052800000,0,0,3752.58,3754.6,3750.55,3751.6,6.4675
20140629052900000,0,0,3751.6,3752.72,3749.96,3749.96,4.7887
20140629053000000,0,0,3748.72,3749.91,3748,3748,11.6771
20140629053100000,0,0,3748.96,3751.06,3748,3749.94,6.0642
20140629053200000,0,0,3749.91,3759.99,3749.91,3752.79,8.3405
20140629053300000,0,0,3751.21,3755.73,3751.21,3754.21,11.7387
20140629053400000,0,0,3754.36,3754.39,3753.19,3753.36,2.0288
20140629053500000,0,0,3753.97,3754.88,3750,3751.42,1.7804
20140629053600000,0,0,3751.42,3752.35,3751.42,3752.35,1.27
20140629053700000,0,0,3752.02,3752.02,3751.02,3752.02,2.1381
20140629053800000,0,0,3752.02,3752.02,3752.01,3752.02,18.6973
20140629053900000,0,0,3752.02,3755.98,3752.02,3755.98,7.1681
20140629054000000,0,0,3755.98,3759.18,3755.93,3759.18,11.5887
20140629054100000,0,0,3759.21,3760,3759.19,3759.86,46.1667
20140629054200000,0,0,3759.66,3759.79,3755.27,3755.27,2.8163
20140629054300000,0,0,3755.27,3755.93,3751.51,3754.6,5.8774
20140629054400000,0,0,3753.22,3754.58,3752.46,3752.49,1.029
20140629054500000,0,0,3752.55,3756.41,3750.01,3755.7,9.6383
20140629054600000,0,0,3755.58,3759.98,3755.58,3757.37,0.858
20140629054700000,0,0,3758.14,3758.59,3758.04,3758.35,2.7424
20140629054800000,0,0,3758.34,3758.34,3755.88,3756,4.2506
20140629054900000,0,0,3757.34,3757.34,3757.16,3757.16,0.6007
20140629055100000,0,0,3757.33,3760,3756.71,3757.31,8.2827
20140629055200000,0,0,3756.14,3756.41,3756.11,3756.41,1.229
20140629055300000,0,0,3756.06,3757.83,3756.06,3757.83,0.7585
20140629055400000,0,0,3756.87,3756.87,3755.94,3755.94,1.209
20140629055500000,0,0,3756.9,3756.9,3756.9,3756.9,0.2
20140629055900000,0,0,3755.93,3755.93,3754.95,3754.95,0.119
20140629060000000,0,0,3755.04,3756.54,3755.04,3756.54,0.07
20140629060100000,0,0,3756.54,3756.54,3752.45,3754.92,0.703
20140629060200000,0,0,3756.54,3756.54,3756.54,3756.54,0.251
20140629060300000,0,0,3756.54,3756.55,3756.54,3756.55,0.61
20140629060400000,0,0,3756.55,3757.02,3756.54,3756.54,12.1461
20140629060500000,0,0,3756.54,3757,3756.54,3756.54,9.9598
20140629060600000,0,0,3756.55,3756.55,3752.74,3752.74,0.8294
20140629060700000,0,0,3754.9,3754.9,3751.35,3751.35,1
20140629060800000,0,0,3754.06,3754.06,3754.06,3754.06,0.023
20140629060900000,0,0,3752.72,3753.36,3752.68,3752.76,14.9983
20140629061000000,0,0,3752.78,3752.92,3752.46,3752.92,1.6542
20140629061100000,0,0,3752.92,3752.92,3752.92,3752.92,0.2
20140629061200000,0,0,3752.9,3752.9,3752.9,3752.9,0.21
20140629061300000,0,0,3752.58,3752.75,3751.1,3752.75,2.7218
20140629061400000,0,0,3754.96,3754.96,3751.14,3751.81,9.6288
20140629061500000,0,0,3751.59,3751.61,3751,3751.08,24.7291
20140629061600000,0,0,3751.08,3751.09,3751.08,3751.09,2.1146
20140629061700000,0,0,3751.78,3751.79,3751.78,3751.79,14.867
20140629061800000,0,0,3751.8,3754.95,3751.08,3752.48,28.5013
20140629061900000,0,0,3752.48,3754.62,3751.8,3752.31,11.5896
20140629062000000,0,0,3751.95,3754.2,3751,3751.83,3.2111
20140629062100000,0,0,3751,3751.8,3750,3750,4.6702
20140629062200000,0,0,3750.26,3750.63,3750.26,3750.63,1.8905
20140629062300000,0,0,3750.85,3750.88,3750.76,3750.79,6.5501
20140629062400000,0,0,3751,3751.29,3751,3751,2.6228
20140629062500000,0,0,3750.97,3751.08,3750.51,3750.51,3.4837
20140629062600000,0,0,3751.08,3751.08,3750,3750,11.0949
20140629062700000,0,0,3751.08,3751.09,3750.03,3750.2,3.7711
20140629062800000,0,0,3750.2,3751.12,3748.4,3749.15,12.5869
20140629062900000,0,0,3749.21,3749.36,3749,3749,4.4054
20140629063000000,0,0,3749,3749,3748.01,3748.8,7.7471
20140629063100000,0,0,3748.02,3750.11,3748.02,3748.53,3.9084
20140629063300000,0,0,3749,3749,3748.68,3748.68,5.2647
20140629063400000,0,0,3748.71,3750.9,3748.68,3750.9,2.4646
20140629063500000,0,0,3749.41,3751.61,3749.35,3750.43,6.0628
20140629063600000,0,0,3750.43,3750.92,3750.43,3750.77,0.643
20140629063700000,0,0,3752.31,3752.31,3751.03,3752.04,0.5217
20140629063800000,0,0,3751.95,3753.01,3751.9,3753.01,3.4714
20140629063900000,0,0,3754.69,3755,3754.44,3754.46,8.0188
20140629064000000,0,0,3752.76,3754.14,3751.7,3751.74,13.9118
20140629064100000,0,0,3751.75,3751.75,3750.02,3750.04,5.4057
20140629064200000,0,0,3750.04,3751.8,3750.04,3751.8,3.3123
20140629064400000,0,0,3751.17,3751.17,3751.17,3751.17,0.146
20140629064500000,0,0,3750.64,3750.64,3750.27,3750.28,0.9561
20140629064600000,0,0,3751.2,3756,3751.2,3756,25.9644
20140629064700000,0,0,3756,3756.19,3753.01,3753.01,16.7286
20140629064800000,0,0,3753.02,3756.25,3752.52,3755.98,24.7138
20140629064900000,0,0,3755.98,3758,3755.98,3758,12.6983
20140629065000000,0,0,3757.73,3759,3757.73,3757.73,14.5569
20140629065100000,0,0,3759,3759,3757.73,3757.73,0.3656
20140629065200000,0,0,3757.73,3757.73,3755,3755,37.9255
20140629065300000,0,0,3755.05,3756.04,3755,3755.99,14.1037
20140629065400000,0,0,3755.98,3756.2,3754.5,3755.52,7.2523
20140629065500000,0,0,3755.46,3756.89,3755.1,3755.29,10.1872
20140629065600000,0,0,3755.79,3756.61,3755.14,3755.27,0.3547
20140629065700000,0,0,3755.27,3755.71,3755.27,3755.27,0.14
20140629065800000,0,0,3755.27,3755.47,3755.14,3755.14,2.1427
20140629065900000,0,0,3755.14,3755.14,3755,3755,8.847
20140629070000000,0,0,3755,3755,3754,3754,0.5754
20140629070100000,0,0,3754,3754,3753.79,3753.79,20.1305
20140629070200000,0,0,3753.79,3753.79,3752,3752.65,36.7716
20140629070300000,0,0,3752.68,3752.8,3752,3752,11.4842
20140629070400000,0,0,3752.05,3752.05,3750,3751.41,81.0216
20140629070500000,0,0,3750.79,3750.8,3750.79,3750.8,1.1743
20140629070600000,0,0,3751.14,3751.14,3751.04,3751.07,0.6857
20140629070700000,0,0,3751.07,3751.71,3750.12,3751.4,4.1026
20140629070800000,0,0,3751.36,3751.36,3750.23,3750.23,0.3752
20140629070900000,0,0,3750.32,3751.25,3750.32,3751.25,17.881
20140629071000000,0,0,3750.1,3751.94,3750.1,3751.49,20.2328
20140629071100000,0,0,3750.54,3750.55,3750.09,3750.09,7.8978
20140629071300000,0,0,3750.36,3750.36,3750.36,3750.36,0.05
20140629071400000,0,0,3750.36,3750.5,3750.1,3750.1,0.799
20140629071500000,0,0,3750.09,3750.1,3750,3750,14.2135
20140629071600000,0,0,3750,3750,3750,3750,27.6961
20140629071700000,0,0,3748.19,3748.24,3748.13,3748.13,16.7239
20140629071800000,0,0,3748.12,3748.12,3747.49,3747.49,22.1632
20140629071900000,0,0,3747,3747.46,3744,3744.85,10.6778
20140629072000000,0,0,3744.87,3744.87,3742,3743,42.707
20140629072100000,0,0,3743,3743,3740.28,3741.96,11.5753
20140629072200000,0,0,3741.96,3741.99,3739.95,3739.95,34.514
20140629072300000,0,0,3739.03,3739.2,3735,3736.24,18.1288
20140629072400000,0,0,3736.13,3737,3731.98,3734.7,31.6417
20140629072500000,0,0,3734.67,3735,3733.97,3734.12,31.865
20140629072600000,0,0,3734.12,3734.12,3732.1,3734,11.2754
20140629072700000,0,0,3732.98,3734,3732.12,3734,14.962
20140629072800000,0,0,3734,3740,3734,3739,23.5042
20140629072900000,0,0,3738.6,3740,3738.04,3738.07,10.3488
20140629073000000,0,0,3739.78,3740,3734.34,3736.8,12.3644
20140629073100000,0,0,3736.81,3736.81,3734.97,3734.97,21.5202
20140629073200000,0,0,3734.85,3734.85,3731.1,3734,25.3292
20140629073300000,0,0,3733.23,3735,3731.1,3734.94,36.2944
20140629073400000,0,0,3733.89,3734.88,3733,3733,7.6743
20140629073500000,0,0,3733.28,3733.28,3731,3731.55,19.4932
20140629073600000,0,0,3731.26,3733.01,3731,3731,29.1418
20140629073700000,0,0,3731.12,3731.12,3727,3727.11,31.2928
20140629073800000,0,0,3727.23,3727.23,3723.07,3724.92,22.7557
20140629073900000,0,0,3724.91,3725.45,3723.19,3725.45,25.6216
20140629074000000,0,0,3727.17,3732.71,3727.14,3727.84,50.1545
20140629074100000,0,0,3727.46,3729.96,3725.14,3726.59,12.2364
20140629074200000,0,0,3726.59,3726.59,3723.01,3724.84,17.0815
20140629074300000,0,0,3724.82,3724.84,3723.34,3723.84,5.9625
20140629074400000,0,0,3723.45,3724.97,3721.2,3724.97,24.8791
20140629074500000,0,0,3724.97,3727.03,3724.16,3726.97,15.0714
20140629074600000,0,0,3725.44,3726.7,3725.17,3726.7,7.0003
20140629074700000,0,0,3724.99,3724.99,3722.3,3724,12.1276
20140629074800000,0,0,3723.95,3723.95,3723.92,3723.92,1.914
20140629074900000,0,0,3723.89,3724.07,3723.89,3724.07,22.6612
20140629075000000,0,0,3725.61,3725.96,3724.41,3725.9,1.9454
20140629075100000,0,0,3725.8,3726,3724.5,3724.5,11.1024
20140629075200000,0,0,3724.11,3725.67,3724,3725.11,8.9778
20140629075300000,0,0,3725.03,3725.03,3722.22,3722.22,14.016
20140629075400000,0,0,3722.22,3722.92,3722,3722.32,30.5484
20140629075500000,0,0,3722.32,3726,3722.32,3725.98,88.943
20140629075600000,0,0,3725.99,3727,3725,3725.05,16.1276
20140629075700000,0,0,3726.83,3726.83,3726.83,3726.83,10
20140629075800000,0,0,3726.4,3726.5,3726.4,3726.5,9.2003
20140629075900000,0,0,3725.13,3725.37,3724.73,3725,6.9009
20140629080000000,0,0,3725,3725,3721.12,3723.2,138.9776
20140629080100000,0,0,3722.15,3724.5,3721.12,3722.01,2.9054
20140629080200000,0,0,3721.98,3722.61,3721.11,3722.48,70.9451
20140629080300000,0,0,3722.48,3723.9,3721,3723.9,22.7627
20140629080400000,0,0,3723.54,3723.9,3723.54,3723.63,7.289
20140629080500000,0,0,3723.63,3723.63,3723.6,3723.6,11.1965
20140629080600000,0,0,3722.28,3722.5,3722.28,3722.5,1.51
20140629080700000,0,0,3722.28,3722.5,3722.28,3722.5,20.6405
20140629080800000,0,0,3723.79,3723.9,3723.79,3723.9,12.4991
20140629080900000,0,0,3723.9,3723.96,3723.9,3723.96,0.8177
20140629081000000,0,0,3724.09,3725.41,3724.08,3725.39,7.7693
20140629081100000,0,0,3725.27,3727,3725.27,3727,13.5533
20140629081200000,0,0,3726.98,3727,3725.43,3726.98,12.0858
20140629081300000,0,0,3726.98,3727.02,3726.06,3727.02,6.8649
20140629081400000,0,0,3726.21,3726.68,3724.08,3726,10.4876
20140629081500000,0,0,3725.99,3726,3725.87,3725.87,4.0808
20140629081600000,0,0,3725.84,3725.99,3725.3,3725.84,2.9903
20140629081700000,0,0,3725.51,3725.61,3725.51,3725.61,0.0328
20140629081800000,0,0,3725.61,3727.08,3725.61,3727.08,33.0794
20140629081900000,0,0,3728,3728.98,3726.7,3728.98,31.2998
20140629082000000,0,0,3728,3729.22,3727,3727.14,21.5794
20140629082100000,0,0,3727.01,3728.79,3726.87,3727,24.6258
20140629082200000,0,0,3728.73,3728.73,3728.73,3728.73,0.499
20140629082300000,0,0,3727.34,3729.02,3726.97,3729.02,32.917
20140629082400000,0,0,3729.09,3730.03,3727.05,3729.39,65.5328
20140629082500000,0,0,3729.39,3730,3729.39,3729.98,1.2592
20140629082600000,0,0,3729.98,3730.5,3728.98,3729.95,17.1681
20140629082700000,0,0,3730.49,3730.5,3730,3730.5,22.53
20140629082800000,0,0,3730.02,3732.2,3729.98,3732.2,73.0755
20140629082900000,0,0,3732.2,3736,3732,3734.83,39.8201
20140629083000000,0,0,3734.88,3735,3730.38,3734.62,6.3292
20140629083100000,0,0,3732.8,3732.8,3732.79,3732.79,0.5998
20140629083200000,0,0,3732.47,3732.47,3731.95,3732.07,13.4352
20140629083300000,0,0,3732.08,3733.01,3732.01,3733.01,16.0988
20140629083400000,0,0,3735.38,3737.79,3734.51,3737.79,38.8052
20140629083500000,0,0,3737.78,3739.62,3737.14,3737.14,32.567
20140629083600000,0,0,3737.14,3737.26,3735,3735.01,35.0011
20140629083700000,0,0,3735.01,3735.04,3735,3735,59.8143
20140629083800000,0,0,3735,3735.37,3733.39,3735,5.5973
20140629083900000,0,0,3734.99,3735.37,3734.99,3735.37,4.7325
20140629084000000,0,0,3735.37,3737.02,3735.37,3737.01,2.406
20140629084100000,0,0,3737.21,3741.82,3736,3741.82,30.7305
20140629084200000,0,0,3741.85,3744.9,3739.5,3739.5,15.9367
20140629084300000,0,0,3739.5,3739.52,3737.14,3737.43,15.0999
20140629084400000,0,0,3737.53,3737.63,3736,3736.12,9.3712
20140629084500000,0,0,3736.12,3737.62,3734.75,3736.11,21.9557
20140629084600000,0,0,3735.68,3736.67,3735.68,3735.97,12.7544
20140629084700000,0,0,3734.82,3734.98,3733.88,3734.98,10.4282
20140629084800000,0,0,3734.98,3735,3734.04,3734.94,5.0428
20140629084900000,0,0,3734.92,3735,3734.92,3735,21.329
20140629085000000,0,0,3735,3735,3734.2,3735,19.9733
20140629085100000,0,0,3735,3735,3734.99,3734.99,0.555
20140629085200000,0,0,3734.99,3734.99,3734.83,3734.83,0.7373
20140629085300000,0,0,3734.46,3736.38,3734.46,3735.76,9.0505
20140629085400000,0,0,3736.25,3736.5,3735.01,3735.01,5.1456
20140629085500000,0,0,3735.88,3735.88,3735,3735.75,0.2147
20140629085600000,0,0,3735.86,3736.5,3735.86,3736.01,9.5347
20140629085700000,0,0,3736.08,3736.08,3735.01,3735.01,6.4775
20140629085800000,0,0,3735.01,3735.01,3733.19,3733.2,25.5661
20140629085900000,0,0,3733.17,3734.02,3733,3734,23.5178
20140629090000000,0,0,3734.01,3735,3734,3734,2.4689
20140629090100000,0,0,3734.03,3734.03,3734,3734,0.546
20140629090200000,0,0,3734,3737,3734,3735.14,16.6282
20140629090300000,0,0,3735.08,3735.48,3734,3734,8.6936
20140629090400000,0,0,3734,3735,3734,3734.03,12.2534
20140629090500000,0,0,3734.03,3734.03,3733,3733,10.7668
20140629090600000,0,0,3735.46,3735.59,3733,3733.48,7.716
20140629090700000,0,0,3733.51,3733.54,3728.35,3730.68,68.2931
20140629090800000,0,0,3730.75,3732.46,3729.36,3730.35,2.153
20140629090900000,0,0,3730.36,3731,3730,3730.99,9.4942
20140629091000000,0,0,3730.88,3730.88,3730.87,3730.88,3.33
20140629091100000,0,0,3732.94,3732.94,3732.94,3732.94,0.094
20140629091200000,0,0,3734.76,3735.15,3733.1,3734.14,28.303
20140629091300000,0,0,3734.02,3735.02,3734,3735.02,6.8894
20140629091400000,0,0,3735.02,3735.89,3733.2,3734.78,25.7772
20140629091500000,0,0,3734.75,3738.58,3734.75,3737.38,10.9157
20140629091600000,0,0,3737.38,3739.96,3737.38,3739.87,5.4293
20140629091700000,0,0,3739.87,3740.11,3738.86,3739.96,5.524
20140629091800000,0,0,3739.96,3740.17,3739,3739.88,13.7003
20140629091900000,0,0,3739.88,3745,3739.84,3744.97,14.2944
20140629092000000,0,0,3744.97,3747.9,3742.73,3747.9,23.3995
20140629092100000,0,0,3747.79,3747.9,3744.95,3747,20.7622
20140629092200000,0,0,3747,3749.97,3747,3748.06,48.3033
20140629092300000,0,0,3748.08,3748.98,3744.09,3745,18.8874
20140629092400000,0,0,3745.75,3746.34,3744.87,3746.34,27.2338
20140629092500000,0,0,3745.7,3745.7,3744.85,3744.85,1.1997
20140629092600000,0,0,3745.56,3745.56,3742.02,3744.56,2.5639
20140629092700000,0,0,3744.41,3745.01,3743.88,3744,73.0186
20140629092800000,0,0,3744,3746.49,3743.99,3746.49,33.0435
20140629092900000,0,0,3746.49,3750.03,3746.49,3750.03,60.6213
20140629093000000,0,0,3750.71,3752.27,3748.27,3750,33.8557
20140629093100000,0,0,3750,3750.99,3746.5,3750.01,30.4833
20140629093200000,0,0,3750.1,3750.99,3750.1,3750.99,4.5894
20140629093300000,0,0,3751,3751.95,3750,3751,29.3374
20140629093400000,0,0,3751,3754.41,3750,3752.5,133.9478
20140629093500000,0,0,3752.46,3754.93,3750,3754.93,21.3829
20140629093600000,0,0,3751.03,3753.53,3751.03,3753.37,13.8551
20140629093700000,0,0,3753,3754.05,3752,3754.05,28.5431
20140629093800000,0,0,3754.15,3754.89,3751,3752.01,39.9024
20140629093900000,0,0,3752.01,3757.97,3752.01,3755.78,36.752
20140629094000000,0,0,3755.77,3761.01,3755.74,3761.01,116.7607
20140629094100000,0,0,3761.01,3768.04,3761,3768,142.5214
20140629094200000,0,0,3768,3768.03,3760,3761,44.6679
20140629094300000,0,0,3761,3766,3761,3761.11,63.1539
20140629094400000,0,0,3762.4,3764,3761.1,3761.1,15.742
20140629094500000,0,0,3761.11,3761.19,3755.75,3756.9,44.2696
20140629094600000,0,0,3756.91,3758.67,3756.91,3758.55,29.8208
20140629094700000,0,0,3758.55,3765.04,3758.43,3765.04,24.5281
20140629094800000,0,0,3765.03,3765.07,3760.01,3764.79,38.4261
20140629094900000,0,0,3764.79,3766,3760.84,3762,38.9263
20140629095000000,0,0,3762.98,3763.98,3761.01,3763,16.5198
20140629095100000,0,0,3762.97,3763,3762.83,3762.86,8.0615
20140629095200000,0,0,3762.04,3762.16,3761.2,3761.34,1.9432
20140629095300000,0,0,3761.34,3764,3761.23,3763.01,13.3993
20140629095400000,0,0,3763,3763.97,3762.03,3762.22,2.2819
20140629095500000,0,0,3762.4,3765.62,3762.4,3765.25,14.4277
20140629095600000,0,0,3764.62,3770.16,3764.62,3768.27,41.9668
20140629095700000,0,0,3770.03,3775,3770,3772.87,35.4138
20140629095800000,0,0,3772.87,3772.87,3766.47,3769,23.8018
20140629095900000,0,0,3768.85,3771,3765,3770,39.478
20140629100000000,0,0,3767.75,3770,3767.63,3770,33.6555
20140629100100000,0,0,3770,3771,3767.74,3769.39,39.6757
20140629100200000,0,0,3769.39,3772,3766.46,3769,43.4164
20140629100300000,0,0,3768.95,3769,3765.33,3767.5,55.3426
20140629100400000,0,0,3767.01,3770,3766.97,3767.79,34.7112
20140629100500000,0,0,3768.7,3768.94,3765.97,3768.35,117.565
20140629100600000,0,0,3767.73,3776.16,3767.38,3776.16,150.2447
20140629100700000,0,0,3776.12,3778,3776,3777.98,46.2663
20140629100800000,0,0,3777.03,3781,3773.01,3773.01,89.4307
20140629100900000,0,0,3773.01,3773.01,3769.56,3771,99.9198
20140629101000000,0,0,3771,3773.55,3770.05,3771.06,36.205
20140629101100000,0,0,3771.06,3771.49,3770.98,3771.35,48.4305
20140629101200000,0,0,3771.49,3771.49,3767.7,3767.7,19.7565
20140629101300000,0,0,3767.5,3767.5,3765,3766,44.8799
20140629101400000,0,0,3765.5,3765.5,3762.05,3762.2,46.6281
20140629101500000,0,0,3762.19,3765.8,3762,3765.8,97.9251
20140629101600000,0,0,3766,3767.05,3765.8,3765.81,71.5503
20140629101700000,0,0,3766,3766,3762,3762.06,33.1546
20140629101800000,0,0,3763.77,3766.1,3763,3765.95,33.301
20140629101900000,0,0,3766.8,3766.8,3763.16,3765.95,43.6625
20140629102000000,0,0,3765.53,3765.93,3763.77,3763.79,5.641
20140629102100000,0,0,3763.91,3764.98,3762.01,3763.11,23.9626
20140629102200000,0,0,3762.13,3762.13,3759.5,3759.5,45.697
20140629102300000,0,0,3758.8,3759.98,3757,3758.11,94.4675
20140629102400000,0,0,3758.21,3761,3758.11,3760,41.7591
20140629102500000,0,0,3759.97,3760.03,3758.3,3760.03,82.0267
20140629102600000,0,0,3761,3764.96,3760,3760.2,46.7658
20140629102700000,0,0,3760.19,3762,3760.06,3762,6.6648
20140629102800000,0,0,3762,3764.88,3762,3763.02,49.2875
20140629102900000,0,0,3763.19,3764.9,3763.03,3763.06,28.4762
20140629103000000,0,0,3763.02,3770.82,3762.39,3770.82,66.7247
20140629103100000,0,0,3770.85,3777,3768.97,3769.97,162.727
20140629103200000,0,0,3769.97,3770.01,3768.15,3769,184.8817
20140629103300000,0,0,3768.98,3770,3768.27,3769.5,21.185
20140629103400000,0,0,3768.15,3769,3765,3765,39.8996
20140629103500000,0,0,3765,3765,3762.19,3763.51,39.5489
20140629103600000,0,0,3763.56,3766.76,3763.56,3765.16,38.219
20140629103700000,0,0,3765.9,3766.91,3765,3765.9,18.8966
20140629103800000,0,0,3766.93,3767.38,3765,3765.5,66.9787
20140629103900000,0,0,3765.5,3767.13,3765.5,3767.13,11.0012
20140629104000000,0,0,3767.13,3767.13,3765.68,3766,16.35
20140629104100000,0,0,3766,3766,3764.05,3764.05,5.3994
20140629104200000,0,0,3764.05,3766.56,3763,3765.99,34.9679
20140629104300000,0,0,3765.91,3766.99,3764.88,3764.92,1.1871
20140629104500000,0,0,3765.79,3765.79,3763,3763.22,25.8474
20140629104600000,0,0,3763.98,3763.98,3761.68,3761.68,38.457
20140629104700000,0,0,3761,3761.68,3756.98,3758.75,132.4654
20140629104800000,0,0,3758.72,3759.01,3756.42,3759,25.0943
20140629104900000,0,0,3759.03,3762.81,3759,3762.3,10.7549
20140629105000000,0,0,3762.41,3770.13,3762.41,3762.75,192.045
20140629105100000,0,0,3764.51,3765.33,3762.93,3763.28,19.0878
20140629105200000,0,0,3763,3764.37,3763,3763.18,5.4992
20140629105300000,0,0,3764.39,3764.39,3763,3763,3.1419
20140629105400000,0,0,3763.15,3763.15,3763,3763.03,2.64
20140629105500000,0,0,3764.47,3768,3764.47,3765.33,13.2274
20140629105600000,0,0,3765.33,3768,3765.33,3768,21.8954
20140629105700000,0,0,3768,3768.02,3766,3767,9.5722
20140629105800000,0,0,3767.12,3767.12,3764.8,3764.96,3.7569
20140629105900000,0,0,3764.99,3765.61,3764.8,3764.8,1.4691
20140629110000000,0,0,3764.8,3766.96,3764.8,3765.76,4.495
20140629110100000,0,0,3765.88,3767,3764.81,3766.01,3.2418
20140629110200000,0,0,3766.01,3766.01,3764.81,3765,0.11
20140629110300000,0,0,3765.95,3767,3765.95,3766.6,6.3308
20140629110400000,0,0,3766.6,3767,3766.6,3766.6,0.156
20140629110500000,0,0,3766.6,3767.9,3766.6,3767.85,3.0863
20140629110600000,0,0,3767.87,3769.02,3767.87,3769.02,9.4222
20140629110700000,0,0,3769.04,3769.54,3769.02,3769.04,4.528
20140629110800000,0,0,3769.35,3770,3769,3769,29.5839
20140629110900000,0,0,3768,3768.97,3767,3767,17.2116
20140629111000000,0,0,3767,3767,3767,3767,61.0128
20140629111100000,0,0,3767,3767,3766.5,3766.55,56.4362
20140629111200000,0,0,3766.5,3766.5,3766,3766,17.7729
20140629111300000,0,0,3765,3765,3764.1,3765,33.6914
20140629111400000,0,0,3764.1,3764.1,3764,3764,8.5859
20140629111500000,0,0,3764,3764.67,3764,3764.67,11.16
20140629111600000,0,0,3764.4,3765.02,3764.4,3765.02,3.7431
20140629111700000,0,0,3766.5,3766.5,3765.02,3765.02,1.4046
20140629111800000,0,0,3765.02,3766.48,3765.02,3766,2.1593
20140629111900000,0,0,3766,3766,3766,3766,0.2027
20140629112000000,0,0,3766,3766.38,3766,3766,7.4134
20140629112100000,0,0,3766,3766,3766,3766,11.0665
20140629112200000,0,0,3766,3767.65,3766,3767.65,22.325
20140629112300000,0,0,3768.92,3771,3767.7,3769.67,85.9539
20140629112400000,0,0,3771,3772.1,3770.02,3772.01,60.9268
20140629112500000,0,0,3772.03,3773.03,3771,3771.03,6.7738
20140629112600000,0,0,3771.15,3771.15,3769.36,3769.36,13.5628
20140629112700000,0,0,3767.44,3768.83,3767.41,3768.8,16.274
20140629112800000,0,0,3768.71,3769.9,3765.2,3768.18,41.2987
20140629112900000,0,0,3769.86,3769.86,3767.34,3767.5,6.494
20140629113000000,0,0,3767.97,3768,3767.97,3767.97,1.0269
20140629113100000,0,0,3767.95,3769,3767.95,3769,6.9816
20140629113200000,0,0,3767.3,3767.3,3766.13,3767,7.7211
20140629113300000,0,0,3766.9,3767,3765.13,3766,37.6468
20140629113400000,0,0,3766,3767,3766,3766.88,4.7727
20140629113500000,0,0,3766.8,3766.8,3765.86,3765.86,9.7681
20140629113600000,0,0,3765.24,3765.98,3760.42,3762.87,146.0542
20140629113700000,0,0,3762.48,3765.99,3762.48,3765.99,37.7322
20140629113800000,0,0,3765.99,3768,3765.97,3768,31.4582
20140629113900000,0,0,3767.84,3768.19,3766.31,3768.19,5.8479
20140629114000000,0,0,3768.22,3769.7,3766,3766.14,18.9149
20140629114100000,0,0,3766.17,3767.89,3766.01,3766.32,7.5515
20140629114200000,0,0,3766.32,3766.89,3766.11,3766.14,13.5764
20140629114300000,0,0,3766.11,3766.11,3766,3766,3.5951
20140629114400000,0,0,3766,3766.62,3766,3766,5.3752
20140629114500000,0,0,3766,3766.6,3766,3766.47,32.1734
20140629114600000,0,0,3766.12,3766.46,3765,3766.33,31.6534
20140629114700000,0,0,3765,3775,3765,3767,27.7362
20140629114800000,0,0,3768.25,3769.75,3768.25,3769,11.8473
20140629114900000,0,0,3769.01,3770,3769.01,3770,12.3192
20140629115000000,0,0,3770.03,3770.05,3767,3767,6.6003
20140629115100000,0,0,3767.3,3769.05,3767,3769.05,3.6141
20140629115200000,0,0,3769.05,3770.99,3768.49,3768.78,3.7034
20140629115300000,0,0,3768.78,3768.78,3766.97,3767,29.6726
20140629115400000,0,0,3766.98,3770.74,3766.8,3769.97,26.5079
20140629115500000,0,0,3769.94,3771,3768,3769.64,47.3981
20140629115600000,0,0,3769.64,3769.64,3768.1,3768.11,65.9456
20140629115700000,0,0,3770,3770,3768.15,3768.3,34.0387
20140629115800000,0,0,3769.03,3772.5,3768.12,3771.7,24.8934
20140629115900000,0,0,3772.49,3774.97,3771,3771.33,27.9903
20140629120000000,0,0,3771.34,3774.19,3771.34,3773.31,5.3087
20140629120100000,0,0,3772.89,3774.87,3772.77,3773.57,25.3739
20140629120200000,0,0,3773.57,3777.29,3772.11,3775.59,41.8037
20140629120300000,0,0,3776.26,3783,3773.3,3777.5,35.8835
20140629120400000,0,0,3775.68,3777.79,3770,3774.01,50.8693
20140629120500000,0,0,3773.07,3774.95,3771.12,3772.91,24.2125
20140629120600000,0,0,3772.89,3772.91,3771.11,3771.11,18.9902
20140629120700000,0,0,3771.11,3772.48,3771.1,3772.48,22.5485
20140629120800000,0,0,3771.12,3771.73,3770,3771,52.7028
20140629120900000,0,0,3771,3771.84,3771,3771,16.6654
20140629121000000,0,0,3771,3772.14,3771,3772.14,4.1659
20140629121100000,0,0,3772.19,3772.58,3772.19,3772.42,2.78
20140629121200000,0,0,3773,3773.92,3772.2,3772.2,12.139
20140629121300000,0,0,3771.02,3771.14,3771,3771,8.3178
20140629121400000,0,0,3770.62,3770.62,3770,3770,26.3914
20140629121500000,0,0,3769.87,3771.89,3769,3771,29.564
20140629121600000,0,0,3771,3772.99,3771,3772.13,5.7457
20140629121700000,0,0,3772.95,3772.95,3772.85,3772.85,0.4
20140629121800000,0,0,3772.94,3772.94,3772.85,3772.88,0.4624
20140629121900000,0,0,3773.99,3774.82,3773.07,3774.39,1.2684
20140629122000000,0,0,3773.13,3773.83,3773.13,3773.83,0.6274
20140629122100000,0,0,3773.84,3773.84,3773.02,3773.02,3.1716
20140629122200000,0,0,3773,3774.33,3773,3773.02,0.7717
20140629122300000,0,0,3773.13,3773.13,3770.8,3770.92,9.6187
20140629122400000,0,0,3770.81,3770.81,3770.3,3770.3,19.508
20140629122500000,0,0,3770.3,3770.38,3770.3,3770.38,5.3944
20140629122600000,0,0,3770.45,3770.5,3770.45,3770.5,0.14
20140629122700000,0,0,3772,3772,3772,3772,0.0131
20140629122800000,0,0,3770.52,3770.52,3770.2,3770.2,26.4302
20140629122900000,0,0,3770.28,3770.3,3770.2,3770.2,3.7025
20140629123000000,0,0,3770.2,3770.3,3770.1,3770.12,7.365
20140629123100000,0,0,3770.13,3771,3770.12,3771,6.533
20140629123200000,0,0,3770.87,3771.02,3770.37,3771.02,15.9595
20140629123400000,0,0,3771,3771,3771,3771,0.1735
20140629123600000,0,0,3771,3771,3770.15,3770.15,0.9382
20140629123700000,0,0,3770.12,3770.85,3770.12,3770.14,0.3258
20140629123800000,0,0,3770.15,3771.06,3770.15,3770.87,4.8464
20140629123900000,0,0,3770.87,3770.87,3770.01,3770.01,11.49
20140629124000000,0,0,3771,3771,3770.01,3770.01,20.3422
20140629124100000,0,0,3770.01,3770.01,3768.25,3768.26,53.5753
20140629124200000,0,0,3769.39,3770,3766.01,3766.01,74.7669
20140629124300000,0,0,3766.78,3766.78,3763,3763,97.6357
20140629124400000,0,0,3763,3763.6,3761,3761,20.0462
20140629124500000,0,0,3761.22,3761.25,3760.01,3760.01,58.8653
20140629124600000,0,0,3761.12,3762.16,3759,3759,62.4446
20140629124700000,0,0,3759,3760.72,3758.99,3760.11,13.9318
20140629124800000,0,0,3760.11,3763.68,3760.11,3763.28,6.9172
20140629124900000,0,0,3761.15,3762.44,3760.34,3762.41,18.4817
20140629125000000,0,0,3761.53,3762.41,3760.76,3762.4,7.7797
20140629125100000,0,0,3761.18,3763.75,3761.18,3763.6,14.4246
20140629125200000,0,0,3763.75,3769,3762,3763.88,46.3795
20140629125300000,0,0,3762.36,3763.93,3762.33,3763.93,3.039
20140629125400000,0,0,3763.96,3763.99,3762.33,3763.96,8.41
20140629125500000,0,0,3762.55,3764.05,3762.33,3762.33,4.8949
20140629125600000,0,0,3762.33,3762.33,3761,3761.5,26.8824
20140629125700000,0,0,3761,3762,3761,3762,10.2214
20140629125800000,0,0,3762.49,3762.49,3762.37,3762.37,0.8
20140629125900000,0,0,3762.37,3762.37,3760,3760,8.1217
20140629130000000,0,0,3760,3760.97,3757.1,3760.25,22.4728
20140629130100000,0,0,3760.27,3761.72,3760.25,3761.72,6.8869
20140629130200000,0,0,3761.64,3761.65,3761.64,3761.64,3.74
20140629130300000,0,0,3761.64,3763.57,3761,3763.57,2.654
20140629130400000,0,0,3762.34,3763.4,3762.34,3763.4,6.9649
20140629130500000,0,0,3763.28,3763.28,3762.38,3763.27,1.0518
20140629130600000,0,0,3763.4,3763.6,3763.4,3763.6,0.5671
20140629130700000,0,0,3762.52,3764,3761.85,3761.85,12.5191
20140629130800000,0,0,3761.04,3761.11,3760,3760,6.652
20140629131000000,0,0,3760.06,3760.06,3760,3760,1.3198
20140629131100000,0,0,3759.82,3759.82,3758.1,3758.1,3.3653
20140629131200000,0,0,3759.07,3759.85,3758.92,3759.85,16.9101
20140629131300000,0,0,3759.83,3760,3759.81,3759.83,19.2831
20140629131400000,0,0,3759.83,3759.95,3758,3758,11.0996
20140629131500000,0,0,3759,3759,3756.25,3757.6,15.37
20140629131600000,0,0,3756.3,3759,3756.3,3756.52,13.2279
20140629131700000,0,0,3758,3758.64,3757.37,3757.85,3.0886
20140629131800000,0,0,3757.85,3758,3757.85,3758,2.5726
20140629131900000,0,0,3758.42,3759.04,3758,3759.04,15.4824
20140629132000000,0,0,3758.87,3762.01,3758.87,3759.82,45.4955
20140629132100000,0,0,3759.86,3762.74,3759.13,3762.37,8.724
20140629132200000,0,0,3760.85,3760.87,3759.18,3759.18,11.3421
20140629132300000,0,0,3760.15,3760.56,3759.35,3759.37,15.164
20140629132400000,0,0,3760.25,3764.31,3760.25,3764.31,1.317
20140629132500000,0,0,3761.09,3764.15,3761.09,3762,21.4576
20140629132600000,0,0,3761.26,3761.55,3761.1,3761.1,1.7253
20140629132700000,0,0,3761.11,3761.3,3761.1,3761.1,2.4913
20140629132800000,0,0,3761.11,3761.11,3761.1,3761.1,0.14
20140629132900000,0,0,3761.1,3761.1,3761.1,3761.1,0.4111
20140629133000000,0,0,3761.06,3763.69,3761.06,3763.54,5.9955
20140629133100000,0,0,3762.91,3762.91,3762.91,3762.91,0.0114
20140629133200000,0,0,3762.87,3766.75,3762.75,3766.61,44.9468
20140629133300000,0,0,3766.6,3766.61,3764.97,3764.97,9.3123
20140629133400000,0,0,3766.33,3766.5,3764.05,3764.05,9.0842
20140629133500000,0,0,3765.85,3766.9,3764.33,3766.52,2.4048
20140629133600000,0,0,3766.52,3768.72,3766,3768.02,11.8466
20140629133700000,0,0,3766.78,3766.89,3766.78,3766.89,10
20140629133800000,0,0,3766.49,3766.49,3764.98,3765.34,20.1245
20140629133900000,0,0,3764.59,3764.98,3763.11,3764.98,0.6232
20140629134000000,0,0,3764.98,3764.98,3763.84,3764.98,1.1018
20140629134100000,0,0,3764.98,3765,3763.9,3763.91,4.9841
20140629134200000,0,0,3763.7,3764,3763,3764,6.7745
20140629134300000,0,0,3764.29,3764.61,3764.29,3764.61,0.8874
20140629134500000,0,0,3765.23,3765.23,3765,3765,5.4953
20140629134600000,0,0,3763,3763,3762.97,3763,8.4013
20140629134700000,0,0,3762.86,3764,3762.86,3764,7.6019
20140629134800000,0,0,3766,3766,3765.99,3766,2.11
20140629134900000,0,0,3766,3766,3765.33,3765.33,4.9384
20140629135000000,0,0,3765.99,3765.99,3764,3764.85,5.1399
20140629135100000,0,0,3763.97,3764.61,3763.34,3764,5.5789
20140629135200000,0,0,3766.93,3766.99,3765.99,3765.99,5.0254
20140629135300000,0,0,3766.88,3766.88,3765.16,3765.16,5.2355
20140629135400000,0,0,3764.98,3764.98,3764.77,3764.77,0.6364
20140629135500000,0,0,3763.71,3763.71,3763.02,3763.02,1.0065
20140629135600000,0,0,3763.01,3763.01,3762.2,3762.63,5.9705
20140629135700000,0,0,3762.53,3762.63,3760,3760.11,39.1879
20140629135800000,0,0,3760.44,3761.83,3759.51,3759.97,8.02
20140629135900000,0,0,3759.97,3760.14,3759.51,3760.14,10.959
20140629140000000,0,0,3760,3760.14,3760,3760.14,2.0102
20140629140100000,0,0,3760.14,3760.14,3759.51,3760.14,18.6314
20140629140200000,0,0,3760.19,3760.19,3760.16,3760.16,2
20140629140300000,0,0,3761.7,3762,3761.64,3761.87,2.47
20140629140400000,0,0,3762.81,3763,3761.89,3763,8.8636
20140629140500000,0,0,3762.85,3763,3762.81,3763,4.44
20140629140600000,0,0,3763,3763,3762.37,3762.37,0.0638
20140629140700000,0,0,3762.87,3763,3762.84,3763,0.616
20140629140800000,0,0,3762.85,3762.85,3762.77,3762.77,0.4989
20140629140900000,0,0,3762.25,3762.56,3759.5,3761.56,2.2021
20140629141100000,0,0,3760.91,3760.91,3759.5,3759.59,6.8541
20140629141200000,0,0,3759.59,3760,3759.5,3759.51,3.1189
20140629141300000,0,0,3760.89,3760.89,3760.89,3760.89,0.4
20140629141400000,0,0,3760.02,3760.89,3760,3760,10.6352
20140629141500000,0,0,3759.88,3760.2,3758.9,3758.9,74.5811
20140629141600000,0,0,3758.78,3761.45,3757.82,3757.97,13.8893
20140629141700000,0,0,3759.62,3759.62,3758.05,3758.05,1.0381
20140629141800000,0,0,3758.17,3758.9,3758.05,3758.05,1.8816
20140629141900000,0,0,3758.05,3758.05,3758.05,3758.05,9.455
20140629142000000,0,0,3758.87,3760,3757.42,3757.42,7.8196
20140629142100000,0,0,3759.97,3759.97,3759.79,3759.79,3.8615
20140629142200000,0,0,3758.16,3758.2,3758,3758,7.1652
20140629142300000,0,0,3757.8,3758.88,3757.22,3758.88,1.8621
20140629142400000,0,0,3757.26,3758.39,3755,3756.8,25.6582
20140629142500000,0,0,3756.77,3758,3755.94,3756.74,18.2361
20140629142600000,0,0,3756.74,3756.8,3755.23,3755.23,5.9444
20140629142700000,0,0,3755.27,3757.78,3755.27,3757.78,11.632
20140629142800000,0,0,3757.77,3760,3757.77,3760,7.3801
20140629142900000,0,0,3759.82,3759.82,3758.2,3758.2,1.9326
20140629143000000,0,0,3758.11,3758.11,3757.99,3757.99,4.335
20140629143100000,0,0,3757.48,3757.62,3757.48,3757.5,9.2707
20140629143200000,0,0,3757.51,3757.7,3757.49,3757.5,5.463
20140629143300000,0,0,3758.3,3758.3,3757,3757,14.2105
20140629143400000,0,0,3757.01,3757.99,3757,3757.99,1.84
20140629143500000,0,0,3758.11,3758.28,3758.11,3758.28,0.14
20140629143600000,0,0,3757.35,3758.3,3757.34,3758.3,1.6317
20140629143700000,0,0,3758.51,3760,3758.51,3759.95,31.775
20140629143800000,0,0,3759.95,3759.95,3758.53,3758.95,2.9632
20140629143900000,0,0,3759.14,3759.14,3759.14,3759.14,0.0399
20140629144000000,0,0,3759.88,3760.13,3759.88,3760.13,31.5836
20140629144100000,0,0,3760.13,3760.13,3760.13,3760.13,0.02
20140629144200000,0,0,3760.13,3761,3760.13,3760.86,4.0919
20140629144300000,0,0,3760.86,3760.86,3760.72,3760.84,5.403
20140629144400000,0,0,3760.84,3760.84,3760.84,3760.84,3.6709
20140629144500000,0,0,3760.72,3760.72,3760.72,3760.72,1.6122
20140629144600000,0,0,3760.67,3760.69,3760.67,3760.69,0.766
20140629144700000,0,0,3760.68,3760.68,3760.68,3760.68,0.009
20140629144900000,0,0,3760.23,3760.23,3760.23,3760.23,0.002
20140629145000000,0,0,3760.11,3760.11,3760.11,3760.11,1.3298
20140629145100000,0,0,3760.02,3760.02,3760,3760,1.384
20140629145200000,0,0,3759.12,3759.12,3758,3758,18.4714
20140629145300000,0,0,3757.97,3758,3757.64,3758,20.7909
20140629145400000,0,0,3758.25,3758.25,3758,3758,0.5784
20140629145500000,0,0,3758.11,3759.93,3758,3758.16,4.6388
20140629145600000,0,0,3758.16,3758.28,3757.2,3757.78,11.4139
20140629145700000,0,0,3757.78,3757.78,3757.21,3757.31,12.8248
20140629145800000,0,0,3757.63,3757.63,3757.63,3757.63,0.199
20140629145900000,0,0,3758,3758,3757.93,3757.93,5.3597
20140629150000000,0,0,3757.91,3757.91,3757.2,3757.91,1.4031
20140629150100000,0,0,3757.79,3757.79,3757.79,3757.79,0.2
20140629150200000,0,0,3757.91,3757.95,3757.79,3757.95,2.7942
20140629150300000,0,0,3757.95,3757.97,3757.93,3757.93,1.8242
20140629150400000,0,0,3757.93,3757.95,3757.93,3757.95,0.1011
20140629150500000,0,0,3757.95,3758,3757.95,3757.95,26.3341
20140629150600000,0,0,3757.98,3757.98,3757.93,3757.95,2.2299
20140629150700000,0,0,3757.95,3758,3757.95,3758,12.2587
20140629150800000,0,0,3758,3760,3757,3760,5.6244
20140629150900000,0,0,3759.85,3759.85,3759.2,3759.53,1.2474
20140629151000000,0,0,3759.08,3761,3756.97,3756.99,41.9014
20140629151100000,0,0,3757.53,3759.84,3757.05,3757.58,3.9463
20140629151200000,0,0,3757.43,3759.65,3757.43,3759.01,3.9719
20140629151300000,0,0,3759.07,3760.63,3759.07,3760,19.699
20140629151400000,0,0,3760.15,3760.17,3760.15,3760.17,0.21
20140629151500000,0,0,3760.17,3760.87,3760,3760,19.7649
20140629151600000,0,0,3759.11,3760.97,3758.61,3760.97,0.5
20140629151700000,0,0,3757.83,3757.83,3757.83,3757.83,0.224
20140629151800000,0,0,3759.5,3759.5,3759.44,3759.47,0.35
20140629151900000,0,0,3759.38,3759.4,3758.85,3759.4,2.1774
20140629152000000,0,0,3759.6,3759.6,3757.44,3757.44,1.5888
20140629152100000,0,0,3757.62,3759.4,3757,3758,30.8206
20140629152200000,0,0,3759.27,3759.27,3757.7,3758.98,0.6704
20140629152300000,0,0,3758.98,3759.01,3758.03,3759.01,3.3867
20140629152400000,0,0,3758.97,3758.97,3758.97,3758.97,0.099
20140629152500000,0,0,3758.14,3758.85,3758,3758,7.2063
20140629152600000,0,0,3758,3760,3758,3760,7.9466
20140629152700000,0,0,3760.11,3762.21,3759.01,3762.21,11.2766
20140629152800000,0,0,3761.98,3764.83,3761.95,3764.02,18.4974
20140629152900000,0,0,3764.05,3766,3763,3765.13,9.8721
20140629153000000,0,0,3765.04,3765.04,3762.72,3763.97,5.4552
20140629153100000,0,0,3763.58,3763.81,3759.98,3760.34,8.6741
20140629153200000,0,0,3763.78,3763.78,3759.91,3761.4,13.1756
20140629153300000,0,0,3761.4,3761.5,3760.78,3761.5,1.067
20140629153400000,0,0,3761.6,3763.92,3760,3761.47,10.3
20140629153500000,0,0,3761.27,3761.27,3760.04,3761.04,1.2404
20140629153600000,0,0,3760.82,3761.02,3759.51,3760.14,4.7953
20140629153700000,0,0,3760.59,3761.65,3759.8,3761.65,4.4815
20140629153800000,0,0,3761.65,3761.65,3761,3761,5.7497
20140629153900000,0,0,3761,3761.45,3761,3761.45,0.556
20140629154000000,0,0,3760.57,3760.57,3760.34,3760.48,5.5303
20140629154100000,0,0,3760.99,3761.75,3760.99,3761.75,0.0077
20140629154200000,0,0,3760.52,3760.64,3757.88,3758,15.5649
20140629154300000,0,0,3758,3758.18,3755,3757.64,16.0984
20140629154400000,0,0,3757.26,3759.75,3756.44,3758.21,1.9541
20140629154500000,0,0,3758.33,3759,3757,3758.04,11.0333
20140629154600000,0,0,3757.03,3757.03,3757,3757.03,12.1763
20140629154700000,0,0,3757.03,3757.46,3754,3754.97,11.9111
20140629154800000,0,0,3754.85,3755.99,3754.11,3754.2,8.6152
20140629154900000,0,0,3755.13,3755.85,3755,3755,14.3932
20140629155000000,0,0,3755,3755.67,3755,3755.52,8.837
20140629155100000,0,0,3755.5,3756.95,3755.49,3756.9,2.1646
20140629155200000,0,0,3756.89,3757.3,3756.33,3757.02,2.2088
20140629155300000,0,0,3757.03,3757.03,3755.22,3755.33,5.2034
20140629155400000,0,0,3755.24,3755.25,3755,3755,21.1602
20140629155500000,0,0,3755,3755.39,3754.99,3755.24,4.0016
20140629155600000,0,0,3757.67,3757.67,3755.38,3757.55,6.1452
20140629155700000,0,0,3755.53,3757.13,3755.5,3757.08,4.0249
20140629155800000,0,0,3756.89,3757.08,3756.12,3756.4,7.5359
20140629160000000,0,0,3755.31,3755.31,3755.16,3755.29,5.175
20140629160100000,0,0,3755.28,3756.32,3755.28,3756.09,9.9684
20140629160200000,0,0,3755.47,3756.09,3755.47,3756.09,0.0375
20140629160300000,0,0,3755.97,3756.07,3755.35,3756.07,0.05
20140629160400000,0,0,3756.05,3756.07,3756.05,3756.07,15.4294
20140629160500000,0,0,3755.37,3757.43,3755.37,3755.63,26.2687
20140629160600000,0,0,3755.67,3755.8,3755.67,3755.74,1.25
20140629160700000,0,0,3755.75,3755.75,3755.7,3755.71,2.8457
20140629160800000,0,0,3755.71,3755.71,3755.2,3755.2,8.8882
20140629160900000,0,0,3755.53,3755.56,3755.38,3755.56,13.2421
20140629161000000,0,0,3755.57,3755.57,3755.53,3755.53,0.3393
20140629161100000,0,0,3755.8,3756,3755.2,3756,34.7386
20140629161200000,0,0,3755.99,3756,3755.2,3755.47,7.8824
20140629161300000,0,0,3755.5,3755.5,3754,3754,10.0451
20140629161400000,0,0,3754,3754.13,3752,3753.69,185.421
20140629161500000,0,0,3753.16,3753.69,3752,3753.47,18.4304
20140629161600000,0,0,3753.47,3753.5,3753.36,3753.5,27.3793
20140629161700000,0,0,3753.5,3753.85,3752.22,3752.9,3.9942
20140629161800000,0,0,3752.35,3752.36,3751.11,3751.11,29.3064
20140629161900000,0,0,3751.11,3751.19,3749,3749.86,80.144
20140629162000000,0,0,3749.86,3749.86,3746.11,3746.11,58.2557
20140629162100000,0,0,3746.11,3746.13,3740,3741.28,83.5724
20140629162200000,0,0,3741.28,3741.28,3739,3739,56.0123
20140629162300000,0,0,3739.15,3739.97,3734,3735.81,62.3151
20140629162400000,0,0,3735.8,3740.63,3735.8,3739.85,104.5107
20140629162500000,0,0,3738.93,3740.01,3737.01,3740,126.0631
20140629162600000,0,0,3740.04,3740.04,3736.16,3738.79,112.602
20140629162700000,0,0,3739.87,3740.13,3738.82,3738.82,13.0488
20140629162800000,0,0,3737.31,3739.98,3737.31,3739.86,14.4655
20140629162900000,0,0,3739.01,3742.19,3739,3740.23,22.8016
20140629163000000,0,0,3739.08,3742.01,3739.08,3741,46.4645
20140629163100000,0,0,3741.12,3741.23,3740,3740.96,50.3454
20140629163200000,0,0,3740.96,3743.11,3736.05,3741.11,15.9715
20140629163300000,0,0,3741.11,3741.11,3739.21,3739.21,21.5442
20140629163400000,0,0,3738.48,3740.97,3738.48,3740.97,5.8573
20140629163500000,0,0,3740.59,3740.92,3740.59,3740.73,19.156
20140629163600000,0,0,3740.74,3740.84,3739.11,3739.88,12.7726
20140629163700000,0,0,3739.88,3741.45,3739,3739,6.5383
20140629163800000,0,0,3739,3741.01,3739,3740.39,7.7692
20140629163900000,0,0,3739.96,3739.96,3739.01,3739.01,27.2059
20140629164000000,0,0,3739.01,3739.01,3736.56,3738.56,8.0566
20140629164100000,0,0,3736.71,3738.41,3736.71,3738,11.7558
20140629164200000,0,0,3739,3739.97,3736.53,3739.93,13.815
20140629164300000,0,0,3739.41,3740.5,3739.41,3740.5,5.895
20140629164400000,0,0,3740.86,3741,3739.52,3740.55,6.5531
20140629164500000,0,0,3740.6,3741,3739.97,3740.54,23.5668
20140629164600000,0,0,3740.74,3740.74,3740,3740.74,2.632
20140629164700000,0,0,3740.74,3741.4,3740.74,3741.4,10.2638
20140629164800000,0,0,3741.03,3741.05,3740.71,3740.71,5.2163
20140629164900000,0,0,3740.71,3740.71,3740,3740.71,16.385
20140629165000000,0,0,3740.71,3740.71,3740.12,3740.71,3.16
20140629165100000,0,0,3740.71,3740.71,3740.12,3740.71,2.6297
20140629165200000,0,0,3740.2,3740.74,3740,3740.74,4.1452
20140629165300000,0,0,3740.87,3740.87,3740,3740.38,6.1818
20140629165400000,0,0,3739.87,3740.74,3739.87,3740.74,18.743
20140629165500000,0,0,3740.74,3740.74,3740,3740.62,11.5467
20140629165600000,0,0,3740.62,3740.75,3740.62,3740.75,3.2657
20140629165700000,0,0,3740.77,3740.77,3737.07,3740,12.2312
20140629165800000,0,0,3740,3740.14,3739.3,3739.41,5.1469
20140629165900000,0,0,3739.41,3739.41,3737.98,3738,11.8571
20140629170000000,0,0,3738,3739.29,3737.29,3739.29,26.3204
20140629170100000,0,0,3739.29,3739.29,3734.33,3738.85,139.4024
20140629170200000,0,0,3738.75,3742.01,3735.01,3741.5,83.9247
20140629170300000,0,0,3741.5,3744,3741.5,3742.98,62.3548
20140629170400000,0,0,3742.85,3742.98,3742.02,3742.02,22.1578
20140629170500000,0,0,3742.83,3742.83,3741.08,3742.63,8.7176
20140629170600000,0,0,3742.6,3742.6,3740.75,3741.09,17.7479
20140629170700000,0,0,3742.4,3742.48,3741.14,3741.29,3.6589
20140629170800000,0,0,3741.28,3741.98,3741.08,3741.81,14.8919
20140629170900000,0,0,3741.83,3741.83,3741.06,3741.68,0.5716
20140629171000000,0,0,3741.07,3741.07,3741.07,3741.07,0.1
20140629171100000,0,0,3741.07,3741.07,3740.74,3740.87,16.4949
20140629171200000,0,0,3740.87,3740.87,3740.74,3740.76,4.5908
20140629171300000,0,0,3740.75,3740.75,3740,3740.74,90.0197
20140629171400000,0,0,3740.74,3740.74,3739.43,3739.43,3.5677
20140629171500000,0,0,3738.07,3739.41,3734,3737.24,109.0634
20140629171600000,0,0,3737.24,3738.99,3735.9,3736.32,7.5998
20140629171700000,0,0,3737,3737.33,3735.01,3735.01,5.6844
20140629171800000,0,0,3736.08,3736.58,3735.71,3736,7.0633
20140629171900000,0,0,3736,3736.76,3736,3736.76,4.562
20140629172000000,0,0,3736.76,3737.93,3736.76,3737.93,0.236
20140629172100000,0,0,3736.59,3738.94,3736.59,3738.94,14.4932
20140629172200000,0,0,3739.13,3741,3739.13,3740.18,30.3943
20140629172300000,0,0,3740,3740,3739,3740,5.403
20140629172400000,0,0,3739.89,3739.89,3739.02,3739.02,6.23
20140629172500000,0,0,3739.01,3739.01,3738.14,3738.14,3.3766
20140629172600000,0,0,3738.02,3739.99,3738.02,3738.4,9.0124
20140629172700000,0,0,3738.4,3738.4,3738.4,3738.4,0.3277
20140629172800000,0,0,3738.16,3738.66,3738.16,3738.27,4.223
20140629172900000,0,0,3738.27,3738.27,3738.25,3738.25,0.7327
20140629173000000,0,0,3738.25,3738.68,3738.14,3738.68,3.9236
20140629173100000,0,0,3738.68,3738.69,3738.68,3738.69,0.6777
20140629173200000,0,0,3739.88,3739.92,3739.75,3739.92,3.2963
20140629173300000,0,0,3739.97,3741.43,3739.97,3741.43,23.9332
20140629173400000,0,0,3741.43,3742.01,3741.41,3742.01,4.9495
20140629173500000,0,0,3742.02,3743,3742,3742.62,15.7655
20140629173600000,0,0,3742.62,3743,3742,3742,12.7143
20140629173700000,0,0,3740.27,3741.9,3739.95,3739.97,11.8469
20140629173800000,0,0,3738.54,3739.98,3735,3739.22,48.0741
20140629173900000,0,0,3737.94,3737.94,3733,3733,57.4093
20140629174000000,0,0,3734.88,3735,3733.27,3734.1,54.5221
20140629174100000,0,0,3735,3736.89,3735,3735,44.8887
20140629174200000,0,0,3736.62,3736.62,3735.22,3735.81,1.54
20140629174300000,0,0,3735.5,3735.92,3733.22,3735.03,38.1278
20140629174400000,0,0,3735.03,3736.13,3734.1,3734.1,15.3578
20140629174500000,0,0,3734.11,3734.63,3733.01,3734.01,6.5177
20140629174600000,0,0,3734.55,3734.65,3732.98,3732.98,35.3977
20140629174700000,0,0,3733,3733,3731.11,3731.11,40.4583
20140629174800000,0,0,3731.11,3731.5,3730,3730.8,270.9589
20140629174900000,0,0,3730.01,3731.48,3730,3730.86,42.6526
20140629175000000,0,0,3730.99,3733.84,3730.99,3733.45,32.685
20140629175100000,0,0,3733.88,3734.99,3733.88,3734,7.8836
20140629175200000,0,0,3733.04,3733.99,3733.04,3733.19,23.0971
20140629175300000,0,0,3733.95,3733.95,3733.2,3733.35,29.0713
20140629175400000,0,0,3733.37,3733.37,3733.37,3733.37,0.4469
20140629175500000,0,0,3733.38,3733.84,3732.99,3733.01,7.9801
20140629175600000,0,0,3733.14,3733.14,3733.14,3733.14,0.015
20140629175700000,0,0,3733.13,3733.84,3733.13,3733.84,0.0504
20140629175800000,0,0,3733.13,3734.7,3732.98,3734.12,12.7065
20140629175900000,0,0,3734.7,3737,3734,3736.65,10.6846
20140629180000000,0,0,3734.9,3736.89,3733.03,3734.79,18.1131
20140629180100000,0,0,3734.17,3736.1,3734.17,3736.1,1.4068
20140629180200000,0,0,3736.8,3738,3735.03,3737.98,49.5517
20140629180300000,0,0,3737.14,3737.99,3735.37,3736,6.4494
20140629180400000,0,0,3736,3736.46,3735.17,3736.46,30.1352
20140629180500000,0,0,3737.6,3738,3736.02,3736.12,14.7103
20140629180600000,0,0,3736.01,3736.13,3736.01,3736.1,3.726
20140629180700000,0,0,3736.1,3736.22,3736,3736,8.5899
20140629180800000,0,0,3736,3736.1,3734,3734,12.1832
20140629180900000,0,0,3734,3735,3733.42,3735,8.9239
20140629181000000,0,0,3734.97,3735,3734.97,3735,5.5695
20140629181100000,0,0,3734.41,3735,3734.41,3735,0.8696
20140629181200000,0,0,3735.04,3735.28,3735.04,3735.28,0.7042
20140629181300000,0,0,3735.4,3736.33,3735.38,3736.33,1.2729
20140629181400000,0,0,3736.33,3736.88,3736.33,3736.85,0.58
20140629181500000,0,0,3736.97,3736.99,3736.87,3736.99,2.5477
20140629181600000,0,0,3736.99,3736.99,3736.85,3736.85,3.4486
20140629181700000,0,0,3736.88,3740,3736.88,3740,31.6924
20140629181800000,0,0,3740.3,3746,3738.8,3741.52,17.1644
20140629181900000,0,0,3741.2,3742.02,3741.2,3742.01,2.6485
20140629182000000,0,0,3742.05,3742.07,3740,3740,21.4514
20140629182100000,0,0,3740.18,3740.18,3737,3737,28.2583
20140629182200000,0,0,3737.78,3737.78,3737.78,3737.78,0.14
20140629182300000,0,0,3737.78,3739.74,3737.78,3739.74,3.9528
20140629182400000,0,0,3739.73,3740.07,3738.95,3739.62,9.8166
20140629182500000,0,0,3739.72,3739.74,3739.41,3739.41,3.2968
20140629182600000,0,0,3738.81,3739.05,3738.81,3739.05,2.8828
20140629182700000,0,0,3739.99,3740,3737.6,3739.88,13.9883
20140629182800000,0,0,3739.78,3739.8,3739.78,3739.8,1.3372
20140629182900000,0,0,3738.49,3738.49,3738.49,3738.49,0.052
20140629183000000,0,0,3738.51,3738.51,3737,3737.62,19.6423
20140629183100000,0,0,3737.57,3737.57,3737.48,3737.48,0.259
20140629183200000,0,0,3737.48,3737.48,3737.1,3737.1,1.9985
20140629183300000,0,0,3736.99,3738.13,3736.87,3738.02,23.0732
20140629183400000,0,0,3738.1,3738.1,3737.35,3738.1,1.6175
20140629183500000,0,0,3738.1,3738.8,3738,3738.1,57.8804
20140629183600000,0,0,3738.22,3738.47,3737.12,3737.12,10.5196
20140629183700000,0,0,3738.35,3738.35,3738.22,3738.34,1.2585
20140629183800000,0,0,3738.34,3738.42,3737.16,3737.16,3.2823
20140629183900000,0,0,3738.41,3738.41,3738.29,3738.29,0.128
20140629184000000,0,0,3737.16,3737.17,3737.16,3737.16,0.172
20140629184100000,0,0,3737.29,3738,3737.29,3738,0.1486
20140629184200000,0,0,3737.8,3737.92,3737.8,3737.92,4.8885
20140629184300000,0,0,3738.03,3738.03,3737.47,3737.47,5.046
20140629184400000,0,0,3737.28,3737.28,3737.28,3737.28,0.1979
20140629184500000,0,0,3737.29,3737.29,3736.13,3736.13,2.5967
20140629184600000,0,0,3736.71,3736.71,3735.3,3735.3,4.3202
20140629184700000,0,0,3735.87,3735.99,3733.38,3735,33.152
20140629184900000,0,0,3734.75,3734.95,3734.75,3734.92,3.1154
20140629185000000,0,0,3734.84,3734.84,3733.13,3733.22,6.1847
20140629185100000,0,0,3733.35,3734,3732,3734,57.7442
20140629185200000,0,0,3733.15,3733.15,3731.13,3731.17,33.4613
20140629185300000,0,0,3731.26,3732.87,3731.26,3732.01,7.5556
20140629185400000,0,0,3732.04,3732.78,3731.99,3731.99,0.2238
20140629185500000,0,0,3731.13,3731.95,3729,3730,59.5268
20140629185600000,0,0,3730,3730,3728.97,3728.97,16.0846
20140629185700000,0,0,3728.02,3730,3728,3730,32.0429
20140629185800000,0,0,3730,3730,3729,3730,29.7008
20140629185900000,0,0,3730.22,3732,3730.22,3730.33,3.5232
20140629190000000,0,0,3731.08,3732.04,3731.08,3732.04,3.496
20140629190100000,0,0,3732.04,3733.34,3731.83,3733.03,22.8196
20140629190200000,0,0,3733.03,3733.03,3732.99,3732.99,0.9298
20140629190300000,0,0,3732.82,3732.85,3732.81,3732.81,0.2075
20140629190400000,0,0,3730.43,3730.43,3728.92,3730.35,17.7329
20140629190500000,0,0,3730.57,3732.28,3728.93,3730.89,14.7522
20140629190600000,0,0,3730.64,3730.68,3726.11,3730.65,29.7142
20140629190700000,0,0,3729.41,3730.95,3729.41,3730.21,5.0996
20140629190800000,0,0,3730.21,3730.86,3729.98,3730,7.9891
20140629190900000,0,0,3730,3732.98,3730,3732.98,4.7274
20140629191000000,0,0,3732.78,3733.03,3732.68,3733.03,3.5117
20140629191100000,0,0,3733.03,3733.08,3731.14,3731.14,9.72
20140629191200000,0,0,3732.9,3732.92,3732.72,3732.75,2.052
20140629191300000,0,0,3732.75,3734.88,3730.48,3733.09,17.7054
20140629191400000,0,0,3734.79,3734.79,3732,3732.97,2.965
20140629191500000,0,0,3732.96,3732.96,3732.95,3732.95,0.091
20140629191600000,0,0,3732.18,3732.18,3730.48,3731,3.3069
20140629191700000,0,0,3731.97,3732.13,3731,3731.01,5.0103
20140629191800000,0,0,3732.13,3732.13,3732.13,3732.13,0.2306
20140629191900000,0,0,3731.5,3732.13,3730.48,3730.48,3.486
20140629192000000,0,0,3731,3731,3731,3731,0.02
20140629192100000,0,0,3731,3732.59,3731,3731.02,2.2666
20140629192200000,0,0,3731.11,3733.17,3731,3732.7,6.1524
20140629192300000,0,0,3732.7,3732.8,3731.99,3732.8,6.0054
20140629192400000,0,0,3732.99,3734.03,3732.8,3732.99,2.365
20140629192500000,0,0,3732.99,3733,3732.8,3732.98,4.1845
20140629192600000,0,0,3733,3733.9,3732.81,3733.9,4.8347
20140629192700000,0,0,3733.02,3733.1,3732.86,3733.1,3.486
20140629192800000,0,0,3734.67,3734.7,3733.14,3733.98,14.6712
20140629192900000,0,0,3733.38,3733.38,3732,3732,6.3371
20140629193000000,0,0,3733.06,3735.02,3733.06,3735,46.9444
20140629193100000,0,0,3735,3735.05,3735,3735.05,29.964
20140629193200000,0,0,3735.05,3735.05,3735.05,3735.05,0.18
20140629193300000,0,0,3735.99,3736,3735.99,3736,1.355
20140629193400000,0,0,3736,3736.79,3735,3736.79,12.882
20140629193500000,0,0,3735.21,3735.3,3735,3735,2.013
20140629193600000,0,0,3735,3735.03,3733.28,3733.28,4.8582
20140629193800000,0,0,3733.33,3733.8,3733.3,3733.8,6.0609
20140629193900000,0,0,3733.3,3733.8,3733.3,3733.77,4.637
20140629194000000,0,0,3733.77,3733.77,3733.3,3733.3,2.6546
20140629194100000,0,0,3733.3,3733.3,3733,3733.3,3.4363
20140629194200000,0,0,3733.3,3733.45,3733,3733.35,6.695
20140629194300000,0,0,3733.03,3733.35,3733,3733,11.338
20140629194400000,0,0,3733,3733,3732.02,3732.98,9.3619
20140629194500000,0,0,3732.99,3733,3732.99,3733,4.0959
20140629194600000,0,0,3733.67,3736.22,3733.67,3733.73,6.4077
20140629194700000,0,0,3734.08,3735.73,3734,3734.03,2.8706
20140629194800000,0,0,3734.02,3734.02,3733.97,3733.97,2.6239
20140629194900000,0,0,3733.94,3733.94,3733.06,3733.06,0.2976
20140629195000000,0,0,3733.43,3733.43,3733.43,3733.43,0.47
20140629195200000,0,0,3734.25,3734.3,3734.25,3734.3,1.0708
20140629195400000,0,0,3733.2,3734.3,3733,3734.3,2.1251
20140629195500000,0,0,3732.41,3732.41,3730.48,3730.48,8.0601
20140629195600000,0,0,3730.79,3733.15,3730.49,3733.04,5.3994
20140629195800000,0,0,3732.77,3733.4,3732.77,3733.37,1.6249
20140629195900000,0,0,3733.34,3733.34,3732.03,3732.13,0.1652
20140629200000000,0,0,3732.83,3732.83,3732.82,3732.82,0.3114
20140629200100000,0,0,3731.06,3731.06,3731.06,3731.06,0.0285
20140629200200000,0,0,3732.01,3732.65,3732.01,3732.65,0.9422
20140629200300000,0,0,3732.8,3732.8,3732.13,3732.13,19.3104
20140629200400000,0,0,3732.6,3733.02,3732.1,3733,25.3305
20140629200500000,0,0,3732.1,3732.98,3732.1,3732.12,2.7485
20140629200600000,0,0,3732.1,3732.1,3731.6,3731.6,8.1427
20140629200700000,0,0,3731.98,3732.67,3731.5,3731.5,17.3102
20140629200800000,0,0,3731.57,3731.57,3731.57,3731.57,1
20140629200900000,0,0,3733.31,3733.31,3731.6,3731.6,0.5194
20140629201000000,0,0,3731.61,3731.61,3731.03,3731.03,1.5886
20140629201100000,0,0,3731.03,3731.6,3730.6,3731.6,2.3144
20140629201200000,0,0,3731.6,3731.6,3731.6,3731.6,0.005
20140629201300000,0,0,3731.56,3731.56,3731.31,3731.31,1.7306
20140629201400000,0,0,3731.26,3731.26,3731.03,3731.08,0.7694
20140629201500000,0,0,3731.29,3733,3731.29,3733,6.8398
20140629201600000,0,0,3732.97,3732.97,3732.12,3732.12,0.5464
20140629201700000,0,0,3732.88,3736,3732.87,3735.36,27.9167
20140629201800000,0,0,3734.99,3736.2,3734.99,3735.36,8.3384
20140629201900000,0,0,3735,3735.36,3734,3735,1.9369
20140629202000000,0,0,3735,3736.2,3735,3736,9.1832
20140629202100000,0,0,3736,3736,3733.03,3733.03,9.3191
20140629202200000,0,0,3732.87,3733.29,3730.97,3730.97,28.5991
20140629202300000,0,0,3730.7,3732.78,3728.87,3729.99,56.6527
20140629202400000,0,0,3729,3730,3723,3723,105.0043
20140629202500000,0,0,3723,3723,3715,3716.9,192.7788
20140629202600000,0,0,3718.89,3719.97,3714.86,3719.13,113.8376
20140629202700000,0,0,3719,3719,3715,3716.38,14.7403
20140629202800000,0,0,3716.44,3719.82,3716.38,3719.82,9.0629
20140629202900000,0,0,3719.82,3723,3719.34,3722.95,163.769
20140629203000000,0,0,3722.94,3723.84,3719.34,3719.34,56.2708
20140629203100000,0,0,3719.97,3721.98,3715.37,3720.03,51.1338
20140629203200000,0,0,3720.99,3723.86,3719.82,3723.02,14.3934
20140629203300000,0,0,3723.02,3723.83,3722,3723,8.8591
20140629203400000,0,0,3722.99,3723.9,3720.36,3722.04,18.7502
20140629203500000,0,0,3721.98,3722.96,3721,3721,6.8197
20140629203600000,0,0,3721.98,3725,3720.83,3724.97,54.1586
20140629203700000,0,0,3724.97,3725,3721,3725,9.6389
20140629203800000,0,0,3725,3726.9,3724.48,3725.1,12.9289
20140629203900000,0,0,3724.19,3725.15,3723.01,3723.97,17.0847
20140629204000000,0,0,3723.02,3723.98,3721.11,3721.89,5.2711
20140629204100000,0,0,3721.11,3721.99,3720.97,3721.14,9.278
20140629204200000,0,0,3721.14,3721.8,3720.97,3721,9.0578
20140629204300000,0,0,3721,3723,3721,3722.98,24.7641
20140629204400000,0,0,3722.98,3722.98,3720.1,3720.54,9.2914
20140629204500000,0,0,3720.54,3721.57,3720.13,3721,6.0794
20140629204600000,0,0,3721,3722,3721,3722,17.0818
20140629204700000,0,0,3721.32,3721.98,3721,3721.98,7.449
20140629204800000,0,0,3721.9,3721.97,3720,3720,32.3991
20140629204900000,0,0,3720,3720.49,3718.22,3718.22,13.8065
20140629205000000,0,0,3718.22,3719,3718.22,3718.9,8.0524
20140629205100000,0,0,3718,3718,3714.98,3714.99,100.6141
20140629205200000,0,0,3715.03,3718.23,3715.02,3717.04,37.2625
20140629205300000,0,0,3717.05,3719.74,3716.81,3718.07,19.7684
20140629205400000,0,0,3719.65,3719.65,3716.81,3716.81,6.1194
20140629205500000,0,0,3716.81,3716.81,3715,3715.2,32.7719
20140629205600000,0,0,3716.15,3720.98,3715.2,3718.33,30.6962
20140629205700000,0,0,3718.33,3718.33,3715.2,3715.23,11.734
20140629205800000,0,0,3715.27,3716.63,3713.98,3714.04,18.2003
20140629205900000,0,0,3714.04,3714.04,3711.1,3711.18,71.1094
20140629210000000,0,0,3713.62,3713.99,3712.21,3712.99,20.9509
20140629210100000,0,0,3712.32,3713.02,3711.95,3712.02,62.1197
20140629210200000,0,0,3712,3714.95,3711.03,3713.04,22.939
20140629210300000,0,0,3712.95,3714.94,3712.65,3714.02,35.8525
20140629210400000,0,0,3712.96,3713.98,3712.95,3713.1,28.4463
20140629210500000,0,0,3713.93,3716,3713.89,3716,21.4353
20140629210600000,0,0,3716.64,3717.17,3716,3717,39.8515
20140629210700000,0,0,3717.77,3718,3714.99,3715.99,41.3367
20140629210800000,0,0,3715.99,3715.99,3713.3,3713.37,2.17
20140629210900000,0,0,3715.48,3715.54,3715.48,3715.5,17.882
20140629211000000,0,0,3715.52,3716,3714.16,3716,6.7185
20140629211100000,0,0,3716,3716,3715.86,3716,10.2149
20140629211200000,0,0,3716,3718.98,3715.98,3717.87,4.4152
20140629211300000,0,0,3717.87,3717.87,3716.03,3716.16,8.1228
20140629211400000,0,0,3716.18,3716.18,3716.18,3716.18,0.6944
20140629211500000,0,0,3716,3716,3716,3716,0.001
20140629211600000,0,0,3715.97,3718.4,3715.97,3717.04,28.0324
20140629211700000,0,0,3717.05,3720.09,3717.04,3720.09,52.0875
20140629211800000,0,0,3718.82,3719.99,3716.97,3717.9,13.927
20140629211900000,0,0,3717.86,3719,3717.07,3718,21.8997
20140629212000000,0,0,3717.09,3717.97,3717.02,3717.04,5.0599
20140629212100000,0,0,3717.04,3717.04,3716.09,3717,12.7822
20140629212200000,0,0,3716.9,3719.98,3716.38,3717,22.2717
20140629212300000,0,0,3716.71,3718.8,3716.69,3716.79,3.9674
20140629212400000,0,0,3716.96,3717.94,3716.96,3717.91,1.243
20140629212500000,0,0,3717.01,3718.62,3711.13,3712.98,69.67
20140629212600000,0,0,3712.99,3714.66,3712.81,3713.79,6.6717
20140629212700000,0,0,3713.78,3715.12,3713.78,3714.99,11.7865
20140629212800000,0,0,3714.62,3715.55,3714.5,3715.55,9.3855
20140629212900000,0,0,3716,3720,3715.02,3720,24.2828
20140629213000000,0,0,3719.9,3720.03,3718.03,3718.27,46.3175
20140629213100000,0,0,3718.27,3719,3715.36,3716.47,12.2282
20140629213200000,0,0,3715.22,3716.01,3713.22,3715.99,29.1731
20140629213300000,0,0,3716.58,3717,3716,3716,14.4112
20140629213400000,0,0,3716.02,3717,3716.02,3716.04,3.1048
20140629213500000,0,0,3716.98,3716.98,3716.93,3716.93,0.2423
20140629213600000,0,0,3716.93,3717,3716.93,3717,4.424
20140629213700000,0,0,3717.77,3718.72,3717,3717.11,37.951
20140629213800000,0,0,3718.5,3719.01,3717.28,3719.01,34.4462
20140629213900000,0,0,3719.99,3725,3719.99,3722.03,49.6951
20140629214000000,0,0,3722.11,3724.6,3720,3722,66.4589
20140629214100000,0,0,3722,3722,3719.78,3719.81,31.0789
20140629214200000,0,0,3719.83,3719.83,3719.1,3719.1,1.37
20140629214300000,0,0,3720,3722,3720,3721.95,12.0152
20140629214400000,0,0,3721.9,3723.94,3720.09,3723.94,41.2338
20140629214500000,0,0,3723.94,3726.62,3723.34,3723.34,64.9039
20140629214600000,0,0,3723.34,3725.01,3722.03,3725,39.8621
20140629214700000,0,0,3724.98,3725,3720.73,3720.73,31.8504
20140629214800000,0,0,3721.95,3724.89,3719.14,3724.83,73.702
20140629214900000,0,0,3723.08,3723.08,3720.26,3720.26,3.8874
20140629215000000,0,0,3722.42,3723.08,3721,3723.08,13.3589
20140629215100000,0,0,3725.65,3725.65,3718.33,3724,18.044
20140629215200000,0,0,3722.99,3724.5,3720,3723.01,55.3632
20140629215300000,0,0,3721.63,3722.3,3720,3721.59,3.4058
20140629215400000,0,0,3721,3721.67,3720.75,3720.75,10.2191
20140629215500000,0,0,3722.63,3722.7,3721.18,3721.18,5.4236
20140629215600000,0,0,3721.18,3721.18,3720.7,3720.98,4.9346
20140629215700000,0,0,3720.66,3722.69,3720.66,3720.71,14.8704
20140629215800000,0,0,3720.74,3722.37,3720.7,3722.07,40.5268
20140629215900000,0,0,3721.97,3722.7,3721.96,3722.7,3.159
20140629220000000,0,0,3722.7,3728,3720.65,3725.33,111.0774
20140629220100000,0,0,3725.33,3727.34,3725,3727,86.4813
20140629220200000,0,0,3726.99,3727.98,3725.39,3727.98,15.4568
20140629220300000,0,0,3727.98,3728.18,3726.98,3728.18,17.2765
20140629220400000,0,0,3728.63,3728.63,3727.45,3728,35.6446
20140629220500000,0,0,3727,3728.63,3727,3728.63,7.691
20140629220600000,0,0,3727.11,3730.38,3727.1,3730.38,33.4871
20140629220700000,0,0,3730.29,3731.06,3727.65,3731.06,5.9431
20140629220800000,0,0,3730.58,3730.58,3728,3729.2,4.4452
20140629220900000,0,0,3729.2,3729.95,3727.1,3729.86,8.6063
20140629221000000,0,0,3728.92,3728.98,3728,3728,3.7168
20140629221100000,0,0,3727.98,3728,3727,3727.59,9.6093
20140629221200000,0,0,3727,3727.52,3726.02,3727.51,14.3778
20140629221300000,0,0,3727.49,3727.76,3727.47,3727.49,9.6587
20140629221400000,0,0,3727.5,3727.7,3727.49,3727.49,38.4733
20140629221500000,0,0,3727.49,3727.72,3725.8,3725.8,25.0393
20140629221600000,0,0,3726.29,3726.96,3724.98,3725.01,41.6568
20140629221700000,0,0,3724.99,3724.99,3724,3724.97,6.0963
20140629221800000,0,0,3724.97,3724.97,3724.97,3724.97,1.5099
20140629222000000,0,0,3725.37,3725.39,3725,3725.39,10.246
20140629222100000,0,0,3725.39,3727.91,3725.39,3726.1,20.8229
20140629222200000,0,0,3727.55,3727.55,3727.55,3727.55,0.05
20140629222300000,0,0,3726.31,3726.76,3726.3,3726.3,4.1922
20140629222400000,0,0,3726.3,3726.3,3724.05,3724.05,13.0514
20140629222500000,0,0,3724.08,3725.59,3724.08,3725.3,4.4441
20140629222600000,0,0,3725.12,3726.39,3725.12,3726.37,4.02
20140629222700000,0,0,3726.34,3726.68,3726.34,3726.68,0.9832
20140629222800000,0,0,3728.23,3729.99,3727.37,3729.99,4.1432
20140629222900000,0,0,3729.98,3729.99,3728.89,3728.89,3.299
20140629223000000,0,0,3728.89,3729.61,3727,3727.04,13.4824
20140629223100000,0,0,3727.3,3727.33,3723.59,3725,39.3856
20140629223200000,0,0,3725.01,3725.05,3724.02,3725,3.5033
20140629223300000,0,0,3724.03,3726.76,3724,3725.44,53.2058
20140629223400000,0,0,3725.45,3725.73,3725.05,3725.05,4.4083
20140629223500000,0,0,3724.87,3724.93,3724,3724.93,20.2295
20140629223600000,0,0,3724.8,3725.68,3724.19,3724.19,1.4813
20140629223700000,0,0,3725.68,3727.14,3725.68,3727.14,5.6771
20140629223800000,0,0,3725.81,3727.92,3725.81,3727.81,3.6221
20140629223900000,0,0,3727.81,3728.4,3726.35,3728.4,12.9369
20140629224000000,0,0,3728.4,3728.9,3728.4,3728.9,1.3665
20140629224100000,0,0,3727.26,3727.29,3725.9,3725.9,8.4441
20140629224200000,0,0,3725,3725.89,3724.39,3725.89,7.9392
20140629224300000,0,0,3725.39,3726.42,3724.21,3724.75,2.069
20140629224400000,0,0,3724.85,3724.85,3724.59,3724.59,16.1171
20140629224500000,0,0,3724.56,3725,3724.2,3725,4.5303
20140629224600000,0,0,3725.02,3725.02,3724.98,3725.02,10.7376
20140629224700000,0,0,3725.02,3725.02,3725.02,3725.02,0.282
20140629224900000,0,0,3726.58,3726.58,3726.58,3726.58,0.8239
20140629225000000,0,0,3726.22,3726.58,3726.2,3726.58,0.8102
20140629225200000,0,0,3727.63,3727.63,3727.63,3727.63,0.86
20140629225300000,0,0,3727.63,3729,3727.63,3729,3.0109
20140629225400000,0,0,3729.14,3729.14,3729,3729,3.5568
20140629225500000,0,0,3727.06,3727.06,3727.06,3727.06,1.9
20140629225600000,0,0,3727.13,3727.13,3727.08,3727.08,0.6
20140629225700000,0,0,3726.11,3727.07,3726.11,3726.11,0.2633
20140629225800000,0,0,3727.07,3727.07,3725.2,3725.2,1.6788
20140629225900000,0,0,3725.21,3725.92,3725,3725.92,4.6977
20140629230000000,0,0,3725.01,3725.01,3724.97,3724.98,10.2124
20140629230100000,0,0,3724.98,3727,3724.98,3727,15.7439
20140629230200000,0,0,3725.26,3725.49,3725.26,3725.47,2.4704
20140629230300000,0,0,3725.53,3725.53,3725,3725,2.8567
20140629230400000,0,0,3724.59,3725.48,3724.2,3725.46,8.3488
20140629230500000,0,0,3725.48,3725.49,3725.46,3725.49,53.0901
20140629230600000,0,0,3725.48,3727,3725.42,3725.45,16.9103
20140629230700000,0,0,3725.45,3725.45,3724.56,3724.56,1.3584
20140629230800000,0,0,3724.51,3724.51,3720.21,3721.99,7.0528
20140629230900000,0,0,3721.96,3721.99,3718.98,3719.03,44.9416
20140629231000000,0,0,3719.03,3720.82,3715.3,3717.04,21.0091
20140629231100000,0,0,3717.01,3718,3716.01,3718,47.8051
20140629231200000,0,0,3718,3718,3716.07,3716.1,10.9582
20140629231300000,0,0,3717.72,3718.03,3716.1,3718.03,9.3917
20140629231400000,0,0,3718.05,3719.8,3718,3718.1,11.6608
20140629231500000,0,0,3718.11,3718.8,3716.2,3717.49,8.2599
20140629231600000,0,0,3717.51,3719.38,3716.21,3717.12,27.475
20140629231700000,0,0,3719.35,3719.53,3719.3,3719.53,15.9552
20140629231800000,0,0,3719.55,3720.11,3719.53,3719.87,14.3953
20140629231900000,0,0,3718.3,3718.36,3718.27,3718.36,5.9991
20140629232000000,0,0,3718.31,3719.29,3718.31,3718.32,10.1604
20140629232100000,0,0,3718.32,3718.33,3717.89,3717.89,3.7908
20140629232200000,0,0,3718.15,3718.17,3713.3,3713.3,118.2002
20140629232300000,0,0,3715.45,3716.78,3713.03,3715.98,69.6118
20140629232400000,0,0,3716.95,3718.52,3713.5,3716.75,15.7928
20140629232500000,0,0,3717.75,3719.58,3715,3716.91,10.6099
20140629232600000,0,0,3716.8,3716.8,3715.49,3715.49,10.8723
20140629232700000,0,0,3716.7,3716.7,3716.7,3716.7,0.167
20140629232800000,0,0,3716.7,3716.73,3716.7,3716.73,0.0304
20140629232900000,0,0,3716.73,3716.73,3713.52,3713.52,9.8548
20140629233000000,0,0,3716.7,3716.91,3715.56,3715.67,2.6274
20140629233100000,0,0,3718.03,3718.03,3716.23,3716.23,2.9979
20140629233200000,0,0,3717.72,3717.72,3715.91,3715.91,9.702
20140629233300000,0,0,3715.9,3716.29,3713.62,3713.63,6.32
20140629233400000,0,0,3713.63,3717,3713.63,3715.99,17.3098
20140629233500000,0,0,3716.09,3716.11,3715.99,3716.04,13.2121
20140629233600000,0,0,3716.09,3717,3716.04,3716.99,3.4459
20140629233700000,0,0,3716.38,3717.99,3716.36,3717.96,17.9778
20140629233800000,0,0,3717.94,3719.02,3717.93,3719.02,59.8343
20140629233900000,0,0,3719.03,3720,3719.02,3720,44.1903
20140629234000000,0,0,3720.1,3720.1,3719.03,3719.03,8.7458
20140629234100000,0,0,3719.95,3719.96,3719,3719,46.2996
20140629234200000,0,0,3718.98,3719,3718.44,3719,6.7624
20140629234300000,0,0,3718.97,3719,3718.94,3719,3.4105
20140629234400000,0,0,3719,3719,3719,3719,1.488
20140629234500000,0,0,3719.34,3719.34,3718.94,3718.94,3.179
20140629234600000,0,0,3719.34,3719.99,3719.34,3719.99,0.8634
20140629234700000,0,0,3720.02,3721.25,3719.34,3721.19,5.0938
20140629234800000,0,0,3721,3722.42,3721,3722.42,1.0628
20140629234900000,0,0,3721.52,3724.43,3721.52,3724.43,29.4618
20140629235000000,0,0,3724.85,3725,3721.96,3722.45,29.3542
20140629235100000,0,0,3723.33,3723.34,3720.5,3722.33,11.4418
20140629235200000,0,0,3722.3,3722.3,3721.85,3721.85,2.48
20140629235300000,0,0,3722.03,3722.24,3721.19,3722,29.7445
20140629235400000,0,0,3722.01,3722.04,3721.91,3722.04,2.9695
20140629235500000,0,0,3722.04,3722.04,3722.01,3722.01,0.146
20140629235600000,0,0,3722.01,3722.01,3722,3722,3.13
20140629235700000,0,0,3722.01,3723.18,3721,3721,18.732
20140629235800000,0,0,3721.88,3722,3721,3721,12.9892
20140629235900000,0,0,3721.03,3721.97,3721.02,3721.97,0.262
